5.550509095191955566e-01 6.590175032615661621e-01 -3.810534775257110596e-01 7.398588657379150391e-01 9.835933446884155273e-01 -7.412226200103759766e-01 8.746848106384277344e-01 7.379774451255798340e-01 -1.173981666564941406e+00 9.338761568069458008e-01 6.336523294448852539e-01 -1.271678566932678223e+00 9.210296869277954102e-01 5.753278732299804688e-01 -1.221014738082885742e+00 8.805109858512878418e-01 6.332617998123168945e-01 -1.174439191818237305e+00
5.550509095191955566e-01 6.590175032615661621e-01 -3.810534775257110596e-01 7.398588657379150391e-01 9.835933446884155273e-01 -7.412226200103759766e-01 8.746848106384277344e-01 7.379774451255798340e-01 -1.173981666564941406e+00 9.338761568069458008e-01 6.336523294448852539e-01 -1.271678566932678223e+00 9.210296869277954102e-01 5.753278732299804688e-01 -1.221014738082885742e+00 8.805109858512878418e-01 6.332617998123168945e-01 -1.174439191818237305e+00
5.553199648857116699e-01 6.614266633987426758e-01 -3.758531808853149414e-01 7.398597002029418945e-01 9.860923290252685547e-01 -7.741314172744750977e-01 8.754987716674804688e-01 7.405259013175964355e-01 -1.304190397262573242e+00 9.394983053207397461e-01 6.354352831840515137e-01 -1.421809911727905273e+00 9.216725230216979980e-01 5.682709813117980957e-01 -1.361142635345458984e+00 8.807390332221984863e-01 6.312367320060729980e-01 -1.305084109306335449e+00
5.553199648857116699e-01 6.614266633987426758e-01 -3.758531808853149414e-01 7.398597002029418945e-01 9.860923290252685547e-01 -7.741314172744750977e-01 8.754987716674804688e-01 7.405259013175964355e-01 -1.304190397262573242e+00 9.394983053207397461e-01 6.354352831840515137e-01 -1.421809911727905273e+00 9.216725230216979980e-01 5.682709813117980957e-01 -1.361142635345458984e+00 8.807390332221984863e-01 6.312367320060729980e-01 -1.305084109306335449e+00
5.557188987731933594e-01 6.694099307060241699e-01 -4.174584746360778809e-01 7.367451190948486328e-01 9.874389171600341797e-01 -9.425822496414184570e-01 8.723411560058593750e-01 7.478210330009460449e-01 -1.724973082542419434e+00 9.389691352844238281e-01 6.369444727897644043e-01 -1.884054899215698242e+00 9.172913432121276855e-01 5.670686960220336914e-01 -1.850106000900268555e+00 8.746815919876098633e-01 6.324084401130676270e-01 -1.742163419723510742e+00
5.557188987731933594e-01 6.694099307060241699e-01 -4.174584746360778809e-01 7.367451190948486328e-01 9.874389171600341797e-01 -9.425822496414184570e-01 8.723411560058593750e-01 7.478210330009460449e-01 -1.724973082542419434e+00 9.389691352844238281e-01 6.369444727897644043e-01 -1.884054899215698242e+00 9.172913432121276855e-01 5.670686960220336914e-01 -1.850106000900268555e+00 8.746815919876098633e-01 6.324084401130676270e-01 -1.742163419723510742e+00
5.596737861633300781e-01 6.760648488998413086e-01 -3.857658505439758301e-01 7.347136735916137695e-01 1.006635308265686035e+00 -8.454529047012329102e-01 8.722551465034484863e-01 7.529458999633789062e-01 -1.389253377914428711e+00 9.383007884025573730e-01 6.385511159896850586e-01 -1.501230478286743164e+00 9.173294305801391602e-01 5.519222021102905273e-01 -1.460474848747253418e+00 8.734616041183471680e-01 6.237108707427978516e-01 -1.395521283149719238e+00
5.627216696739196777e-01 6.767456531524658203e-01 -2.999892532825469971e-01 7.389528751373291016e-01 1.006345629692077637e+00 -7.628602385520935059e-01 8.681275248527526855e-01 7.583341002464294434e-01 -1.289624333381652832e+00 9.411675333976745605e-01 6.399695277214050293e-01 -1.399364113807678223e+00 9.201270937919616699e-01 5.468534231185913086e-01 -1.357105851173400879e+00 8.739611506462097168e-01 6.185810565948486328e-01 -1.294975519180297852e+00
5.629197359085083008e-01 6.804656982421875000e-01 -3.405941724777221680e-01 7.397464513778686523e-01 1.005730748176574707e+00 -8.464475870132446289e-01 8.685552477836608887e-01 7.581726312637329102e-01 -1.633546113967895508e+00 9.530161023139953613e-01 6.402444839477539062e-01 -1.790563583374023438e+00 9.234229326248168945e-01 5.448064208030700684e-01 -1.758202314376831055e+00 8.785166740417480469e-01 6.153919696807861328e-01 -1.656796097755432129e+00
5.629197359085083008e-01 6.804656982421875000e-01 -3.405941724777221680e-01 7.397464513778686523e-01 1.005730748176574707e+00 -8.464475870132446289e-01 8.685552477836608887e-01 7.581726312637329102e-01 -1.633546113967895508e+00 9.530161023139953613e-01 6.402444839477539062e-01 -1.790563583374023438e+00 9.234229326248168945e-01 5.448064208030700684e-01 -1.758202314376831055e+00 8.785166740417480469e-01 6.153919696807861328e-01 -1.656796097755432129e+00
5.629209876060485840e-01 6.802001595497131348e-01 -2.899895310401916504e-01 7.418243885040283203e-01 1.004589796066284180e+00 -6.913771629333496094e-01 8.695756196975708008e-01 7.585813403129577637e-01 -1.304256796836853027e+00 9.595791697502136230e-01 6.403766274452209473e-01 -1.471555948257446289e+00 9.268989562988281250e-01 5.417038798332214355e-01 -1.462261080741882324e+00 8.815346956253051758e-01 6.107061505317687988e-01 -1.336458921432495117e+00
5.627272129058837891e-01 6.875177621841430664e-01 -3.001745343208312988e-01 7.539121508598327637e-01 1.080334067344665527e+00 -7.581378221511840820e-01 8.707621693611145020e-01 7.738208770751953125e-01 -1.594024538993835449e+00 9.656308889389038086e-01 6.370376944541931152e-01 -1.753026962280273438e+00 9.267007112503051758e-01 5.453130602836608887e-01 -1.737867712974548340e+00 8.796599507331848145e-01 6.147672533988952637e-01 -1.624215722084045410e+00
5.639718770980834961e-01 6.897653341293334961e-01 -2.958424389362335205e-01 7.527235746383666992e-01 1.076643586158752441e+00 -7.516227960586547852e-01 8.708531260490417480e-01 7.794672846794128418e-01 -1.449494600296020508e+00 9.638661146163940430e-01 6.419203877449035645e-01 -1.587338805198669434e+00 9.266707301139831543e-01 5.478029847145080566e-01 -1.552531480789184570e+00 8.792735934257507324e-01 6.167011260986328125e-01 -1.467036843299865723e+00
5.648106336593627930e-01 6.934123635292053223e-01 -3.044223189353942871e-01 7.560043931007385254e-01 1.056778192520141602e+00 -8.453071713447570801e-01 8.695807456970214844e-01 7.799673676490783691e-01 -1.641354799270629883e+00 9.461790919303894043e-01 6.392636895179748535e-01 -1.791217088699340820e+00 9.239674806594848633e-01 5.505927205085754395e-01 -1.759224534034729004e+00 8.742856979370117188e-01 6.189334988594055176e-01 -1.660346031188964844e+00
5.681679248809814453e-01 6.943352818489074707e-01 -2.558520734310150146e-01 7.544676065444946289e-01 1.054654836654663086e+00 -7.867125868797302246e-01 8.696764707565307617e-01 7.825459837913513184e-01 -1.581181764602661133e+00 9.472395777702331543e-01 6.449667215347290039e-01 -1.755019783973693848e+00 9.242207407951354980e-01 5.509678125381469727e-01 -1.697574257850646973e+00 8.743180036544799805e-01 6.223390102386474609e-01 -1.595244407653808594e+00
5.701865553855895996e-01 6.942723393440246582e-01 -2.156340181827545166e-01 7.580006718635559082e-01 1.054013967514038086e+00 -7.177983522415161133e-01 8.703955411911010742e-01 7.819986939430236816e-01 -1.461242556571960449e+00 9.472120404243469238e-01 6.432442069053649902e-01 -1.640797376632690430e+00 9.226424098014831543e-01 5.514764785766601562e-01 -1.565676689147949219e+00 8.719089627265930176e-01 6.226043701171875000e-01 -1.469407677650451660e+00
5.664765238761901855e-01 6.940418481826782227e-01 -2.299860417842864990e-01 7.581881284713745117e-01 1.028967380523681641e+00 -7.727645635604858398e-01 8.728029131889343262e-01 7.738425135612487793e-01 -1.619659662246704102e+00 9.464179277420043945e-01 6.335729956626892090e-01 -1.778880357742309570e+00 9.229445457458496094e-01 5.474738478660583496e-01 -1.759289741516113281e+00 8.747385144233703613e-01 6.156280040740966797e-01 -1.647108674049377441e+00
5.717610120773315430e-01 6.935158967971801758e-01 -2.309958636760711670e-01 7.571271657943725586e-01 1.027590990066528320e+00 -7.375175952911376953e-01 8.728052973747253418e-01 7.736627459526062012e-01 -1.391430616378784180e+00 9.507094621658325195e-01 6.419532895088195801e-01 -1.546946883201599121e+00 9.229828119277954102e-01 5.485624074935913086e-01 -1.517190217971801758e+00 8.747991323471069336e-01 6.160532236099243164e-01 -1.409116506576538086e+00
5.719938874244689941e-01 6.935890913009643555e-01 -2.486743181943893433e-01 7.653724551200866699e-01 1.082515120506286621e+00 -7.074028849601745605e-01 8.779338598251342773e-01 7.836314439773559570e-01 -1.330437064170837402e+00 9.504815936088562012e-01 6.647346615791320801e-01 -1.466813325881958008e+00 9.223195910453796387e-01 5.555337071418762207e-01 -1.444342374801635742e+00 8.747220039367675781e-01 6.289113759994506836e-01 -1.351238965988159180e+00
5.725515484809875488e-01 6.923136115074157715e-01 -2.007215321063995361e-01 7.648205757141113281e-01 1.038808226585388184e+00 -6.467999219894409180e-01 8.772581815719604492e-01 7.832140326499938965e-01 -1.281780242919921875e+00 9.483965635299682617e-01 6.603559851646423340e-01 -1.421841382980346680e+00 9.210880398750305176e-01 5.645074248313903809e-01 -1.389061808586120605e+00 8.738077282905578613e-01 6.313211321830749512e-01 -1.297418117523193359e+00
5.721327662467956543e-01 6.961439847946166992e-01 -2.320732325315475464e-01 7.658799886703491211e-01 1.015387058258056641e+00 -8.445703387260437012e-01 8.856972455978393555e-01 7.619288563728332520e-01 -1.755464792251586914e+00 9.483658671379089355e-01 6.334390640258789062e-01 -1.909938812255859375e+00 9.232088327407836914e-01 5.541574358940124512e-01 -1.900632262229919434e+00 8.800805211067199707e-01 6.181362271308898926e-01 -1.783665299415588379e+00
5.721327662467956543e-01 6.961439847946166992e-01 -2.320732325315475464e-01 7.658799886703491211e-01 1.015387058258056641e+00 -8.445703387260437012e-01 8.856972455978393555e-01 7.619288563728332520e-01 -1.755464792251586914e+00 9.483658671379089355e-01 6.334390640258789062e-01 -1.909938812255859375e+00 9.232088327407836914e-01 5.541574358940124512e-01 -1.900632262229919434e+00 8.800805211067199707e-01 6.181362271308898926e-01 -1.783665299415588379e+00
5.726651549339294434e-01 6.959940791130065918e-01 -2.381155490875244141e-01 7.648981809616088867e-01 1.012720465660095215e+00 -8.116148710250854492e-01 8.848023414611816406e-01 7.652234435081481934e-01 -1.601858735084533691e+00 9.454132318496704102e-01 6.313689351081848145e-01 -1.742618203163146973e+00 9.231828451156616211e-01 5.541505217552185059e-01 -1.736193060874938965e+00 8.785255551338195801e-01 6.202564239501953125e-01 -1.630760192871093750e+00
5.736854672431945801e-01 6.944950819015502930e-01 -2.168600112199783325e-01 7.575381398200988770e-01 1.011436700820922852e+00 -6.967592239379882812e-01 8.835242986679077148e-01 7.783658504486083984e-01 -1.384969830513000488e+00 9.455564618110656738e-01 6.555764079093933105e-01 -1.533782005310058594e+00 9.230966567993164062e-01 5.545500516891479492e-01 -1.496692776679992676e+00 8.769934773445129395e-01 6.302874684333801270e-01 -1.400606036186218262e+00
5.712991952896118164e-01 6.959835290908813477e-01 -2.942446768283843994e-01 7.625958323478698730e-01 1.048766493797302246e+00 -9.559370279312133789e-01 8.848799467086791992e-01 7.685153484344482422e-01 -1.898049116134643555e+00 9.451133012771606445e-01 6.373618841171264648e-01 -2.058328628540039062e+00 9.234507679939270020e-01 5.505275726318359375e-01 -2.042507648468017578e+00 8.791122436523437500e-01 6.233381032943725586e-01 -1.924276947975158691e+00
5.670891404151916504e-01 6.933371424674987793e-01 -1.877542734146118164e-01 7.638517618179321289e-01 1.012407779693603516e+00 -6.082592606544494629e-01 8.884670138359069824e-01 7.655850648880004883e-01 -1.253642916679382324e+00 9.538496732711791992e-01 6.276090741157531738e-01 -1.401767611503601074e+00 9.282309412956237793e-01 5.423204302787780762e-01 -1.356698155403137207e+00 8.830721974372863770e-01 6.143724918365478516e-01 -1.268877148628234863e+00
5.695645809173583984e-01 6.928931474685668945e-01 -1.932709515094757080e-01 7.635678052902221680e-01 1.013093233108520508e+00 -5.949177145957946777e-01 8.878825306892395020e-01 7.711333036422729492e-01 -1.206515789031982422e+00 9.513166546821594238e-01 6.422912478446960449e-01 -1.350028038024902344e+00 9.260377883911132812e-01 5.593509674072265625e-01 -1.312500357627868652e+00 8.812460899353027344e-01 6.231968402862548828e-01 -1.221278429031372070e+00
5.696911811828613281e-01 6.928068399429321289e-01 -1.900369822978973389e-01 7.639020681381225586e-01 1.012461543083190918e+00 -5.969070792198181152e-01 8.882118463516235352e-01 7.692363262176513672e-01 -1.218037128448486328e+00 9.515228271484375000e-01 6.363203525543212891e-01 -1.352277159690856934e+00 9.265433549880981445e-01 5.549463629722595215e-01 -1.311574339866638184e+00 8.818069696426391602e-01 6.208890676498413086e-01 -1.232914328575134277e+00
5.696911811828613281e-01 6.928068399429321289e-01 -1.900369822978973389e-01 7.639020681381225586e-01 1.012461543083190918e+00 -5.969070792198181152e-01 8.882118463516235352e-01 7.692363262176513672e-01 -1.218037128448486328e+00 9.515228271484375000e-01 6.363203525543212891e-01 -1.352277159690856934e+00 9.265433549880981445e-01 5.549463629722595215e-01 -1.311574339866638184e+00 8.818069696426391602e-01 6.208890676498413086e-01 -1.232914328575134277e+00
5.715371370315551758e-01 6.917301416397094727e-01 -1.780649721622467041e-01 7.538899183273315430e-01 1.015956044197082520e+00 -5.680075883865356445e-01 8.837510943412780762e-01 7.736883163452148438e-01 -1.165109276771545410e+00 9.532465934753417969e-01 6.413677334785461426e-01 -1.297984957695007324e+00 9.266379475593566895e-01 5.538868308067321777e-01 -1.263470172882080078e+00 8.809072375297546387e-01 6.231914758682250977e-01 -1.181734323501586914e+00
5.747104883193969727e-01 6.916096806526184082e-01 -1.629303246736526489e-01 7.531007528305053711e-01 1.021141529083251953e+00 -5.665438771247863770e-01 8.765779733657836914e-01 7.760643362998962402e-01 -1.179687380790710449e+00 9.407676458358764648e-01 6.422811150550842285e-01 -1.315246820449829102e+00 9.205310940742492676e-01 5.551549196243286133e-01 -1.276655435562133789e+00 8.715528249740600586e-01 6.286863088607788086e-01 -1.193282485008239746e+00
5.744958519935607910e-01 6.909036040306091309e-01 -1.563834249973297119e-01 7.599788904190063477e-01 1.047162413597106934e+00 -5.246384143829345703e-01 8.765128254890441895e-01 7.850140333175659180e-01 -1.110118627548217773e+00 9.433652758598327637e-01 6.611562371253967285e-01 -1.241521954536437988e+00 9.206406474113464355e-01 5.659438371658325195e-01 -1.207926988601684570e+00 8.721908330917358398e-01 6.386466622352600098e-01 -1.126061201095581055e+00
5.735239982604980469e-01 6.909673810005187988e-01 -2.070549428462982178e-01 7.596402168273925781e-01 1.014511346817016602e+00 -5.573766827583312988e-01 8.783098459243774414e-01 7.756418585777282715e-01 -1.166998028755187988e+00 9.418560862541198730e-01 6.479986310005187988e-01 -1.310818672180175781e+00 9.206854104995727539e-01 5.671171545982360840e-01 -1.253593683242797852e+00 8.746280670166015625e-01 6.316976547241210938e-01 -1.165708065032958984e+00
5.738792419433593750e-01 6.901294589042663574e-01 -2.082157433032989502e-01 7.590285539627075195e-01 1.003183484077453613e+00 -5.676294565200805664e-01 8.787882924079895020e-01 7.757351398468017578e-01 -1.199861049652099609e+00 9.466195106506347656e-01 6.531448364257812500e-01 -1.339543223381042480e+00 9.199517369270324707e-01 5.695447325706481934e-01 -1.295919895172119141e+00 8.746632337570190430e-01 6.315018534660339355e-01 -1.208686232566833496e+00
5.738792419433593750e-01 6.901294589042663574e-01 -2.082157433032989502e-01 7.590285539627075195e-01 1.003183484077453613e+00 -5.676294565200805664e-01 8.787882924079895020e-01 7.757351398468017578e-01 -1.199861049652099609e+00 9.466195106506347656e-01 6.531448364257812500e-01 -1.339543223381042480e+00 9.199517369270324707e-01 5.695447325706481934e-01 -1.295919895172119141e+00 8.746632337570190430e-01 6.315018534660339355e-01 -1.208686232566833496e+00
5.725158452987670898e-01 6.899402737617492676e-01 -1.996301710605621338e-01 7.599503993988037109e-01 9.925979971885681152e-01 -5.481354594230651855e-01 8.810794949531555176e-01 7.589477896690368652e-01 -1.094601988792419434e+00 9.521384239196777344e-01 6.245071887969970703e-01 -1.211532473564147949e+00 9.260009527206420898e-01 5.482451319694519043e-01 -1.179624557495117188e+00 8.820604085922241211e-01 6.152858138084411621e-01 -1.112128973007202148e+00
5.724844932556152344e-01 6.856423020362854004e-01 -1.476792693138122559e-01 7.612749934196472168e-01 9.937002658843994141e-01 -4.886886477470397949e-01 8.852124214172363281e-01 7.567363977432250977e-01 -1.026553153991699219e+00 9.580499529838562012e-01 6.200021505355834961e-01 -1.150666832923889160e+00 9.254401326179504395e-01 5.446203351020812988e-01 -1.119364142417907715e+00 8.816431164741516113e-01 6.128826737403869629e-01 -1.044573187828063965e+00
5.732426047325134277e-01 6.831328868865966797e-01 -1.727062165737152100e-01 7.582984566688537598e-01 9.930798411369323730e-01 -5.670585632324218750e-01 8.836463689804077148e-01 7.730612158775329590e-01 -1.121387720108032227e+00 9.451051950454711914e-01 6.550143957138061523e-01 -1.270816802978515625e+00 9.189428091049194336e-01 5.722966790199279785e-01 -1.238670349121093750e+00 8.759903907775878906e-01 6.292448639869689941e-01 -1.134263277053833008e+00
5.731859207153320312e-01 6.850998401641845703e-01 -1.782334744930267334e-01 7.685748338699340820e-01 9.854472875595092773e-01 -5.899385213851928711e-01 8.886024355888366699e-01 7.597814798355102539e-01 -1.178985118865966797e+00 9.591802358627319336e-01 6.190328001976013184e-01 -1.291533231735229492e+00 9.222061038017272949e-01 5.461933016777038574e-01 -1.254781484603881836e+00 8.792117238044738770e-01 6.163092851638793945e-01 -1.194512605667114258e+00
5.751754045486450195e-01 6.851098537445068359e-01 -2.058363705873489380e-01 7.614871859550476074e-01 9.895036220550537109e-01 -6.116466522216796875e-01 8.811336755752563477e-01 7.633552551269531250e-01 -1.181481122970581055e+00 9.551547169685363770e-01 6.470203995704650879e-01 -1.299082756042480469e+00 9.200223088264465332e-01 5.637420415878295898e-01 -1.263647794723510742e+00 8.822311162948608398e-01 6.395146846771240234e-01 -1.197252273559570312e+00
5.745717883110046387e-01 6.870927810668945312e-01 -2.591916918754577637e-01 7.624073624610900879e-01 9.939395785331726074e-01 -7.123500704765319824e-01 8.815727233886718750e-01 7.632225155830383301e-01 -1.468697786331176758e+00 9.531968235969543457e-01 6.448026299476623535e-01 -1.610741019248962402e+00 9.220039248466491699e-01 5.614389777183532715e-01 -1.578197479248046875e+00 8.823288679122924805e-01 6.363512277603149414e-01 -1.488537073135375977e+00
5.740343928337097168e-01 6.861863732337951660e-01 -2.511686682701110840e-01 7.566486001014709473e-01 9.907702803611755371e-01 -6.405381560325622559e-01 8.793619275093078613e-01 7.812862992286682129e-01 -1.246063470840454102e+00 9.535835981369018555e-01 6.765359640121459961e-01 -1.385354638099670410e+00 9.192894101142883301e-01 5.815502405166625977e-01 -1.360762715339660645e+00 8.789418339729309082e-01 6.405218839645385742e-01 -1.265436768531799316e+00
5.696235895156860352e-01 6.835770010948181152e-01 -2.611951529979705811e-01 7.397760748863220215e-01 9.948353171348571777e-01 -7.873722314834594727e-01 8.308736085891723633e-01 7.944413423538208008e-01 -1.558148145675659180e+00 8.973616361618041992e-01 6.700659990310668945e-01 -1.707619905471801758e+00 8.743025660514831543e-01 5.822223424911499023e-01 -1.652749061584472656e+00 8.155305981636047363e-01 6.504594087600708008e-01 -1.566455960273742676e+00
5.696235895156860352e-01 6.835770010948181152e-01 -2.611951529979705811e-01 7.397760748863220215e-01 9.948353171348571777e-01 -7.873722314834594727e-01 8.308736085891723633e-01 7.944413423538208008e-01 -1.558148145675659180e+00 8.973616361618041992e-01 6.700659990310668945e-01 -1.707619905471801758e+00 8.743025660514831543e-01 5.822223424911499023e-01 -1.652749061584472656e+00 8.155305981636047363e-01 6.504594087600708008e-01 -1.566455960273742676e+00
5.695213079452514648e-01 6.831868290901184082e-01 -2.037011384963989258e-01 7.408334612846374512e-01 1.089167833328247070e+00 -6.419762969017028809e-01 8.285028338432312012e-01 7.960531711578369141e-01 -1.214218974113464355e+00 8.928501009941101074e-01 6.763672232627868652e-01 -1.343379974365234375e+00 8.662762641906738281e-01 5.871108770370483398e-01 -1.292423963546752930e+00 8.107167482376098633e-01 6.663455367088317871e-01 -1.220137834548950195e+00
5.695973038673400879e-01 6.842781901359558105e-01 -2.751398682594299316e-01 7.358808517456054688e-01 1.082269310951232910e+00 -9.625077247619628906e-01 8.002208471298217773e-01 7.960826754570007324e-01 -1.904510736465454102e+00 8.458356857299804688e-01 6.751838326454162598e-01 -2.079087734222412109e+00 8.332471847534179688e-01 5.884719491004943848e-01 -2.031172752380371094e+00 7.815930843353271484e-01 6.651204824447631836e-01 -1.915252447128295898e+00
5.695973038673400879e-01 6.842781901359558105e-01 -2.751398682594299316e-01 7.358808517456054688e-01 1.082269310951232910e+00 -9.625077247619628906e-01 8.002208471298217773e-01 7.960826754570007324e-01 -1.904510736465454102e+00 8.458356857299804688e-01 6.751838326454162598e-01 -2.079087734222412109e+00 8.332471847534179688e-01 5.884719491004943848e-01 -2.031172752380371094e+00 7.815930843353271484e-01 6.651204824447631836e-01 -1.915252447128295898e+00
5.688423514366149902e-01 6.839764118194580078e-01 -2.607592344284057617e-01 6.974354386329650879e-01 1.190574884414672852e+00 -5.940536260604858398e-01 7.592567801475524902e-01 8.483226895332336426e-01 -1.011640787124633789e+00 7.963483929634094238e-01 7.206602096557617188e-01 -1.113332390785217285e+00 7.854334115982055664e-01 6.493273377418518066e-01 -1.079039335250854492e+00 7.844298481941223145e-01 7.278750538825988770e-01 -1.022853732109069824e+00
5.688423514366149902e-01 6.839764118194580078e-01 -2.607592344284057617e-01 6.974354386329650879e-01 1.190574884414672852e+00 -5.940536260604858398e-01 7.592567801475524902e-01 8.483226895332336426e-01 -1.011640787124633789e+00 7.963483929634094238e-01 7.206602096557617188e-01 -1.113332390785217285e+00 7.854334115982055664e-01 6.493273377418518066e-01 -1.079039335250854492e+00 7.844298481941223145e-01 7.278750538825988770e-01 -1.022853732109069824e+00
5.686907768249511719e-01 6.846416592597961426e-01 -2.547735273838043213e-01 7.022141814231872559e-01 1.189631581306457520e+00 -5.407608747482299805e-01 7.517580389976501465e-01 9.032491445541381836e-01 -1.038311839103698730e+00 7.906748056411743164e-01 8.952199220657348633e-01 -1.145063281059265137e+00 7.831133008003234863e-01 8.423725962638854980e-01 -1.118842363357543945e+00 7.615553140640258789e-01 8.708564639091491699e-01 -1.051207900047302246e+00
5.688882470130920410e-01 6.850525140762329102e-01 -2.610721290111541748e-01 7.048419713973999023e-01 1.170986771583557129e+00 -2.646459341049194336e-01 7.527779340744018555e-01 1.399402379989624023e+00 -5.411721467971801758e-01 7.915788888931274414e-01 1.497873544692993164e+00 -6.278255581855773926e-01 7.577339410781860352e-01 1.491618514060974121e+00 -6.957171559333801270e-01 7.355476021766662598e-01 1.450859189033508301e+00 -5.849180817604064941e-01
5.939971208572387695e-01 6.809917092323303223e-01 -4.459699988365173340e-01 7.307347059249877930e-01 1.154439210891723633e+00 -8.895581364631652832e-01 6.721404790878295898e-01 1.168043136596679688e+00 -1.689551353454589844e+00 6.490523815155029297e-01 1.114047646522521973e+00 -1.869003295898437500e+00 6.372563838958740234e-01 1.071837902069091797e+00 -1.847641706466674805e+00 6.299937367439270020e-01 1.118251442909240723e+00 -1.704884767532348633e+00
5.921782255172729492e-01 6.771366596221923828e-01 -3.643282651901245117e-01 7.222886681556701660e-01 1.035439133644104004e+00 -3.422861695289611816e-01 7.139157056808471680e-01 1.431375265121459961e+00 -6.121138930320739746e-01 7.331000566482543945e-01 1.551111221313476562e+00 -7.151390910148620605e-01 6.866971254348754883e-01 1.547269582748413086e+00 -7.899264097213745117e-01 6.697293519973754883e-01 1.500726580619812012e+00 -6.576698422431945801e-01
5.908868312835693359e-01 7.001868486404418945e-01 -3.117573857307434082e-01 7.177922129631042480e-01 1.043636202812194824e+00 -2.745936512947082520e-01 7.172521352767944336e-01 1.513956665992736816e+00 -5.217747688293457031e-01 7.448089718818664551e-01 1.643873333930969238e+00 -6.179122924804687500e-01 6.875621676445007324e-01 1.641796946525573730e+00 -6.776087284088134766e-01 6.683503985404968262e-01 1.588988661766052246e+00 -5.619989633560180664e-01
5.842176079750061035e-01 7.066877484321594238e-01 -4.460114836692810059e-01 7.097199559211730957e-01 1.154048085212707520e+00 -6.744321584701538086e-01 5.663071870803833008e-01 1.349819540977478027e+00 -1.154922485351562500e+00 5.306416749954223633e-01 1.410664796829223633e+00 -1.312745690345764160e+00 5.033189058303833008e-01 1.375173687934875488e+00 -1.320510625839233398e+00 5.051664710044860840e-01 1.358494043350219727e+00 -1.170279622077941895e+00
5.780318379402160645e-01 7.035501599311828613e-01 -2.905231416225433350e-01 6.935259699821472168e-01 1.160812854766845703e+00 -2.832203209400177002e-01 6.123570203781127930e-01 1.406381607055664062e+00 -6.264399886131286621e-01 6.097720861434936523e-01 1.502753138542175293e+00 -7.477663755416870117e-01 5.722627639770507812e-01 1.469531774520874023e+00 -7.954073548316955566e-01 5.626669526100158691e-01 1.432074427604675293e+00 -6.612811088562011719e-01
5.777045488357543945e-01 7.034271955490112305e-01 -2.772834002971649170e-01 6.696354746818542480e-01 1.163961052894592285e+00 -3.267258107662200928e-01 6.029089689254760742e-01 1.399762511253356934e+00 -6.791099309921264648e-01 6.075090169906616211e-01 1.493870973587036133e+00 -8.015244603157043457e-01 5.683299303054809570e-01 1.472569584846496582e+00 -8.381861448287963867e-01 5.572901964187622070e-01 1.436252117156982422e+00 -7.151318788528442383e-01
5.777045488357543945e-01 7.034271955490112305e-01 -2.772834002971649170e-01 6.696354746818542480e-01 1.163961052894592285e+00 -3.267258107662200928e-01 6.029089689254760742e-01 1.399762511253356934e+00 -6.791099309921264648e-01 6.075090169906616211e-01 1.493870973587036133e+00 -8.015244603157043457e-01 5.683299303054809570e-01 1.472569584846496582e+00 -8.381861448287963867e-01 5.572901964187622070e-01 1.436252117156982422e+00 -7.151318788528442383e-01
5.670009255409240723e-01 6.968804001808166504e-01 -2.144924402236938477e-01 6.634699106216430664e-01 1.156392455101013184e+00 -2.262384146451950073e-01 6.044796109199523926e-01 1.311325907707214355e+00 -6.553843617439270020e-01 6.236504316329956055e-01 1.364403963088989258e+00 -7.622360587120056152e-01 6.274887323379516602e-01 1.323306322097778320e+00 -8.047240972518920898e-01 6.046690940856933594e-01 1.305647611618041992e+00 -6.899283528327941895e-01
5.709649324417114258e-01 6.905654668807983398e-01 -2.371225655078887939e-01 6.847897768020629883e-01 1.065734386444091797e+00 -4.452251791954040527e-01 5.968825221061706543e-01 1.246773600578308105e+00 -8.133189082145690918e-01 5.767202377319335938e-01 1.294318556785583496e+00 -9.052772521972656250e-01 5.490224957466125488e-01 1.239904165267944336e+00 -8.812157511711120605e-01 5.462142825126647949e-01 1.225727677345275879e+00 -7.754421234130859375e-01
5.738041996955871582e-01 6.731842756271362305e-01 -2.485636025667190552e-01 6.960057020187377930e-01 1.011958599090576172e+00 -5.530873537063598633e-01 5.764252543449401855e-01 1.072015881538391113e+00 -9.946633577346801758e-01 5.353668928146362305e-01 1.077003598213195801e+00 -1.093062400817871094e+00 5.229230523109436035e-01 1.016700863838195801e+00 -1.032928705215454102e+00 5.261441469192504883e-01 1.021988272666931152e+00 -9.751170873641967773e-01
5.757734775543212891e-01 6.594623327255249023e-01 -2.445237636566162109e-01 7.156280279159545898e-01 1.056518435478210449e+00 -5.694167017936706543e-01 5.942059755325317383e-01 1.071425199508666992e+00 -1.115414500236511230e+00 5.656613111495971680e-01 1.080254793167114258e+00 -1.235673189163208008e+00 5.440155267715454102e-01 1.019098401069641113e+00 -1.194156885147094727e+00 5.425560474395751953e-01 1.023386240005493164e+00 -1.116260290145874023e+00
5.757734775543212891e-01 6.594623327255249023e-01 -2.445237636566162109e-01 7.156280279159545898e-01 1.056518435478210449e+00 -5.694167017936706543e-01 5.942059755325317383e-01 1.071425199508666992e+00 -1.115414500236511230e+00 5.656613111495971680e-01 1.080254793167114258e+00 -1.235673189163208008e+00 5.440155267715454102e-01 1.019098401069641113e+00 -1.194156885147094727e+00 5.425560474395751953e-01 1.023386240005493164e+00 -1.116260290145874023e+00
5.755393505096435547e-01 6.470597386360168457e-01 -2.491299211978912354e-01 7.118442058563232422e-01 9.923027753829956055e-01 -7.519783973693847656e-01 4.776097834110260010e-01 9.558343887329101562e-01 -1.304064273834228516e+00 4.025878012180328369e-01 9.512927532196044922e-01 -1.424556493759155273e+00 3.925146162509918213e-01 8.769476413726806641e-01 -1.350883483886718750e+00 4.086267948150634766e-01 8.917085528373718262e-01 -1.287326693534851074e+00
5.766836404800415039e-01 6.466895937919616699e-01 -2.972208857536315918e-01 6.959007978439331055e-01 9.934645891189575195e-01 -7.106542587280273438e-01 4.543498158454895020e-01 1.030131936073303223e+00 -1.164194822311401367e+00 3.831001520156860352e-01 1.044240593910217285e+00 -1.277637004852294922e+00 3.689863085746765137e-01 9.820087552070617676e-01 -1.230073451995849609e+00 3.837376534938812256e-01 9.860299229621887207e-01 -1.155277490615844727e+00
5.770888328552246094e-01 6.415119171142578125e-01 -2.833329141139984131e-01 6.856596469879150391e-01 9.829441308975219727e-01 -7.039758563041687012e-01 3.911547362804412842e-01 9.952284097671508789e-01 -1.107351660728454590e+00 3.023314476013183594e-01 9.971913099288940430e-01 -1.241911768913269043e+00 3.018390536308288574e-01 9.295445680618286133e-01 -1.126974463462829590e+00 3.245542943477630615e-01 9.427465200424194336e-01 -1.145838975906372070e+00
5.770888328552246094e-01 6.415119171142578125e-01 -2.833329141139984131e-01 6.856596469879150391e-01 9.829441308975219727e-01 -7.039758563041687012e-01 3.911547362804412842e-01 9.952284097671508789e-01 -1.107351660728454590e+00 3.023314476013183594e-01 9.971913099288940430e-01 -1.241911768913269043e+00 3.018390536308288574e-01 9.295445680618286133e-01 -1.126974463462829590e+00 3.245542943477630615e-01 9.427465200424194336e-01 -1.145838975906372070e+00
5.773630738258361816e-01 6.421219706535339355e-01 -2.909952998161315918e-01 6.702762246131896973e-01 9.879832863807678223e-01 -8.123441934585571289e-01 3.607030212879180908e-01 9.664090275764465332e-01 -1.201386809349060059e+00 2.657890915870666504e-01 9.569141268730163574e-01 -1.297876119613647461e+00 2.681589126586914062e-01 8.791161179542541504e-01 -1.194235563278198242e+00 2.927488982677459717e-01 8.986214399337768555e-01 -1.178834795951843262e+00
5.780344605445861816e-01 6.418451070785522461e-01 -3.797345757484436035e-01 6.718429327011108398e-01 9.928579926490783691e-01 -8.402785062789916992e-01 3.578463494777679443e-01 9.616298079490661621e-01 -1.247213840484619141e+00 2.638747990131378174e-01 9.523919224739074707e-01 -1.358684301376342773e+00 2.647938132286071777e-01 8.783597350120544434e-01 -1.270703315734863281e+00 2.914142906665802002e-01 8.946725130081176758e-01 -1.222003340721130371e+00
5.778304934501647949e-01 6.401094794273376465e-01 -3.281860053539276123e-01 6.714044809341430664e-01 9.847308397293090820e-01 -7.803788185119628906e-01 3.670704960823059082e-01 9.530231356620788574e-01 -1.167584657669067383e+00 2.756597399711608887e-01 9.477115273475646973e-01 -1.245429873466491699e+00 2.754171192646026611e-01 8.709869980812072754e-01 -1.135122060775756836e+00 2.994373440742492676e-01 8.855139017105102539e-01 -1.118073344230651855e+00
5.762980580329895020e-01 6.403424739837646484e-01 -4.255123734474182129e-01 6.726930737495422363e-01 9.895798563957214355e-01 -9.111739397048950195e-01 3.556470274925231934e-01 9.828546047210693359e-01 -1.380252480506896973e+00 2.615864574909210205e-01 9.848625659942626953e-01 -1.508189558982849121e+00 2.542888820171356201e-01 9.147333502769470215e-01 -1.417354583740234375e+00 2.814663946628570557e-01 9.250257611274719238e-01 -1.352587580680847168e+00
5.741077661514282227e-01 6.399576067924499512e-01 -2.727289199829101562e-01 6.740885972976684570e-01 9.900046586990356445e-01 -7.938157916069030762e-01 4.943094849586486816e-01 9.971387982368469238e-01 -1.275790929794311523e+00 4.514053761959075928e-01 1.003301382064819336e+00 -1.391690492630004883e+00 4.430802762508392334e-01 9.348997473716735840e-01 -1.332135677337646484e+00 4.435203075408935547e-01 9.440954327583312988e-01 -1.263706922531127930e+00
5.736067891120910645e-01 6.403134465217590332e-01 -2.684665322303771973e-01 6.664092540740966797e-01 9.928851723670959473e-01 -7.194875478744506836e-01 3.618799149990081787e-01 1.004125714302062988e+00 -1.014044046401977539e+00 2.718949913978576660e-01 1.010304450988769531e+00 -1.100880861282348633e+00 2.733775377273559570e-01 9.426592588424682617e-01 -1.023059725761413574e+00 2.993274629116058350e-01 9.524914622306823730e-01 -9.891087412834167480e-01
5.737140178680419922e-01 6.362213492393493652e-01 -2.711228728294372559e-01 6.616658568382263184e-01 9.943963885307312012e-01 -7.654651999473571777e-01 3.241360783576965332e-01 1.009521722793579102e+00 -1.031679987907409668e+00 2.296768724918365479e-01 1.016302466392517090e+00 -1.144255518913269043e+00 2.286598682403564453e-01 9.488123655319213867e-01 -1.088722229003906250e+00 2.291494160890579224e-01 9.556810855865478516e-01 -1.033279061317443848e+00
5.736387372016906738e-01 6.365305185317993164e-01 -3.259917497634887695e-01 6.479825377464294434e-01 9.911155104637145996e-01 -8.067825436592102051e-01 3.041943609714508057e-01 1.012156844139099121e+00 -1.041067361831665039e+00 2.055162489414215088e-01 1.020135164260864258e+00 -1.159883141517639160e+00 2.050506621599197388e-01 9.505534768104553223e-01 -1.115398049354553223e+00 2.292042523622512817e-01 9.584757685661315918e-01 -1.053038239479064941e+00
5.736387372016906738e-01 6.365305185317993164e-01 -3.259917497634887695e-01 6.479825377464294434e-01 9.911155104637145996e-01 -8.067825436592102051e-01 3.041943609714508057e-01 1.012156844139099121e+00 -1.041067361831665039e+00 2.055162489414215088e-01 1.020135164260864258e+00 -1.159883141517639160e+00 2.050506621599197388e-01 9.505534768104553223e-01 -1.115398049354553223e+00 2.292042523622512817e-01 9.584757685661315918e-01 -1.053038239479064941e+00
5.734270811080932617e-01 6.368561983108520508e-01 -3.320142328739166260e-01 6.470609903335571289e-01 9.916565418243408203e-01 -7.840140461921691895e-01 3.345465064048767090e-01 1.014402270317077637e+00 -1.068681120872497559e+00 2.435412704944610596e-01 1.022549271583557129e+00 -1.180465936660766602e+00 2.430580109357833862e-01 9.515448212623596191e-01 -1.120884418487548828e+00 2.658690810203552246e-01 9.605937600135803223e-01 -1.068148493766784668e+00
5.745695233345031738e-01 6.377699375152587891e-01 -3.354221284389495850e-01 6.483436822891235352e-01 9.926774501800537109e-01 -8.012679219245910645e-01 3.084854781627655029e-01 1.000509500503540039e+00 -1.083236813545227051e+00 2.081204652786254883e-01 1.001792669296264648e+00 -1.182645082473754883e+00 2.100660502910614014e-01 9.255817532539367676e-01 -1.100747585296630859e+00 2.404691725969314575e-01 9.409564137458801270e-01 -1.066637635231018066e+00
5.740365386009216309e-01 6.379876732826232910e-01 -3.075942993164062500e-01 6.377503275871276855e-01 9.934698343276977539e-01 -7.878592014312744141e-01 2.890978455543518066e-01 9.944941997528076172e-01 -1.089733481407165527e+00 1.845113784074783325e-01 9.953959584236145020e-01 -1.186366558074951172e+00 1.877152174711227417e-01 9.144614338874816895e-01 -1.098414182662963867e+00 2.180604487657546997e-01 9.308482408523559570e-01 -1.065805435180664062e+00
5.739420652389526367e-01 6.379292011260986328e-01 -2.769500613212585449e-01 6.392999291419982910e-01 9.935998320579528809e-01 -7.757557034492492676e-01 3.051543235778808594e-01 9.960977435111999512e-01 -1.083270192146301270e+00 2.078652679920196533e-01 9.975559115409851074e-01 -1.172931909561157227e+00 2.086081057786941528e-01 9.177792668342590332e-01 -1.086256504058837891e+00 2.354250252246856689e-01 9.327677488327026367e-01 -1.056850552558898926e+00
5.737640857696533203e-01 6.380602717399597168e-01 -2.869785428047180176e-01 6.448408365249633789e-01 9.943228960037231445e-01 -8.291584253311157227e-01 3.072477281093597412e-01 9.584951996803283691e-01 -1.186162233352661133e+00 2.060327827930450439e-01 9.490451216697692871e-01 -1.281865358352661133e+00 2.101818323135375977e-01 8.677222728729248047e-01 -1.163392543792724609e+00 2.381705790758132935e-01 8.885580897331237793e-01 -1.144281268119812012e+00
5.702506899833679199e-01 6.381747722625732422e-01 -3.094273209571838379e-01 5.965910553932189941e-01 1.065447449684143066e+00 -8.159068226814270020e-01 2.619200348854064941e-01 9.377931356430053711e-01 -1.063907980918884277e+00 1.604021489620208740e-01 9.265717267990112305e-01 -1.153906345367431641e+00 1.695372462272644043e-01 8.465517759323120117e-01 -1.054768562316894531e+00 1.993645876646041870e-01 8.651863932609558105e-01 -1.026227593421936035e+00
5.702506899833679199e-01 6.381747722625732422e-01 -3.094273209571838379e-01 5.965910553932189941e-01 1.065447449684143066e+00 -8.159068226814270020e-01 2.619200348854064941e-01 9.377931356430053711e-01 -1.063907980918884277e+00 1.604021489620208740e-01 9.265717267990112305e-01 -1.153906345367431641e+00 1.695372462272644043e-01 8.465517759323120117e-01 -1.054768562316894531e+00 1.993645876646041870e-01 8.651863932609558105e-01 -1.026227593421936035e+00
0.000000000000000000e+00 0.000000000000000000e+00 0.000000000000000000e+00 0.000000000000000000e+00 0.000000000000000000e+00 0.000000000000000000e+00 0.000000000000000000e+00 0.000000000000000000e+00 0.000000000000000000e+00 0.000000000000000000e+00 0.000000000000000000e+00 0.000000000000000000e+00 0.000000000000000000e+00 0.000000000000000000e+00 0.000000000000000000e+00 0.000000000000000000e+00 0.000000000000000000e+00 0.000000000000000000e+00
0.000000000000000000e+00 0.000000000000000000e+00 0.000000000000000000e+00 0.000000000000000000e+00 0.000000000000000000e+00 0.000000000000000000e+00 0.000000000000000000e+00 0.000000000000000000e+00 0.000000000000000000e+00 0.000000000000000000e+00 0.000000000000000000e+00 0.000000000000000000e+00 0.000000000000000000e+00 0.000000000000000000e+00 0.000000000000000000e+00 0.000000000000000000e+00 0.000000000000000000e+00 0.000000000000000000e+00
0.000000000000000000e+00 0.000000000000000000e+00 0.000000000000000000e+00 0.000000000000000000e+00 0.000000000000000000e+00 0.000000000000000000e+00 0.000000000000000000e+00 0.000000000000000000e+00 0.000000000000000000e+00 0.000000000000000000e+00 0.000000000000000000e+00 0.000000000000000000e+00 0.000000000000000000e+00 0.000000000000000000e+00 0.000000000000000000e+00 0.000000000000000000e+00 0.000000000000000000e+00 0.000000000000000000e+00
0.000000000000000000e+00 0.000000000000000000e+00 0.000000000000000000e+00 0.000000000000000000e+00 0.000000000000000000e+00 0.000000000000000000e+00 0.000000000000000000e+00 0.000000000000000000e+00 0.000000000000000000e+00 0.000000000000000000e+00 0.000000000000000000e+00 0.000000000000000000e+00 0.000000000000000000e+00 0.000000000000000000e+00 0.000000000000000000e+00 0.000000000000000000e+00 0.000000000000000000e+00 0.000000000000000000e+00
0.000000000000000000e+00 0.000000000000000000e+00 0.000000000000000000e+00 0.000000000000000000e+00 0.000000000000000000e+00 0.000000000000000000e+00 0.000000000000000000e+00 0.000000000000000000e+00 0.000000000000000000e+00 0.000000000000000000e+00 0.000000000000000000e+00 0.000000000000000000e+00 0.000000000000000000e+00 0.000000000000000000e+00 0.000000000000000000e+00 0.000000000000000000e+00 0.000000000000000000e+00 0.000000000000000000e+00
0.000000000000000000e+00 0.000000000000000000e+00 0.000000000000000000e+00 0.000000000000000000e+00 0.000000000000000000e+00 0.000000000000000000e+00 0.000000000000000000e+00 0.000000000000000000e+00 0.000000000000000000e+00 0.000000000000000000e+00 0.000000000000000000e+00 0.000000000000000000e+00 0.000000000000000000e+00 0.000000000000000000e+00 0.000000000000000000e+00 0.000000000000000000e+00 0.000000000000000000e+00 0.000000000000000000e+00
0.000000000000000000e+00 0.000000000000000000e+00 0.000000000000000000e+00 0.000000000000000000e+00 0.000000000000000000e+00 0.000000000000000000e+00 0.000000000000000000e+00 0.000000000000000000e+00 0.000000000000000000e+00 0.000000000000000000e+00 0.000000000000000000e+00 0.000000000000000000e+00 0.000000000000000000e+00 0.000000000000000000e+00 0.000000000000000000e+00 0.000000000000000000e+00 0.000000000000000000e+00 0.000000000000000000e+00
0.000000000000000000e+00 0.000000000000000000e+00 0.000000000000000000e+00 0.000000000000000000e+00 0.000000000000000000e+00 0.000000000000000000e+00 0.000000000000000000e+00 0.000000000000000000e+00 0.000000000000000000e+00 0.000000000000000000e+00 0.000000000000000000e+00 0.000000000000000000e+00 0.000000000000000000e+00 0.000000000000000000e+00 0.000000000000000000e+00 0.000000000000000000e+00 0.000000000000000000e+00 0.000000000000000000e+00
0.000000000000000000e+00 0.000000000000000000e+00 0.000000000000000000e+00 0.000000000000000000e+00 0.000000000000000000e+00 0.000000000000000000e+00 0.000000000000000000e+00 0.000000000000000000e+00 0.000000000000000000e+00 0.000000000000000000e+00 0.000000000000000000e+00 0.000000000000000000e+00 0.000000000000000000e+00 0.000000000000000000e+00 0.000000000000000000e+00 0.000000000000000000e+00 0.000000000000000000e+00 0.000000000000000000e+00
0.000000000000000000e+00 0.000000000000000000e+00 0.000000000000000000e+00 0.000000000000000000e+00 0.000000000000000000e+00 0.000000000000000000e+00 0.000000000000000000e+00 0.000000000000000000e+00 0.000000000000000000e+00 0.000000000000000000e+00 0.000000000000000000e+00 0.000000000000000000e+00 0.000000000000000000e+00 0.000000000000000000e+00 0.000000000000000000e+00 0.000000000000000000e+00 0.000000000000000000e+00 0.000000000000000000e+00
0.000000000000000000e+00 0.000000000000000000e+00 0.000000000000000000e+00 0.000000000000000000e+00 0.000000000000000000e+00 0.000000000000000000e+00 0.000000000000000000e+00 0.000000000000000000e+00 0.000000000000000000e+00 0.000000000000000000e+00 0.000000000000000000e+00 0.000000000000000000e+00 0.000000000000000000e+00 0.000000000000000000e+00 0.000000000000000000e+00 0.000000000000000000e+00 0.000000000000000000e+00 0.000000000000000000e+00
0.000000000000000000e+00 0.000000000000000000e+00 0.000000000000000000e+00 0.000000000000000000e+00 0.000000000000000000e+00 0.000000000000000000e+00 0.000000000000000000e+00 0.000000000000000000e+00 0.000000000000000000e+00 0.000000000000000000e+00 0.000000000000000000e+00 0.000000000000000000e+00 0.000000000000000000e+00 0.000000000000000000e+00 0.000000000000000000e+00 0.000000000000000000e+00 0.000000000000000000e+00 0.000000000000000000e+00
0.000000000000000000e+00 0.000000000000000000e+00 0.000000000000000000e+00 0.000000000000000000e+00 0.000000000000000000e+00 0.000000000000000000e+00 0.000000000000000000e+00 0.000000000000000000e+00 0.000000000000000000e+00 0.000000000000000000e+00 0.000000000000000000e+00 0.000000000000000000e+00 0.000000000000000000e+00 0.000000000000000000e+00 0.000000000000000000e+00 0.000000000000000000e+00 0.000000000000000000e+00 0.000000000000000000e+00
0.000000000000000000e+00 0.000000000000000000e+00 0.000000000000000000e+00 0.000000000000000000e+00 0.000000000000000000e+00 0.000000000000000000e+00 0.000000000000000000e+00 0.000000000000000000e+00 0.000000000000000000e+00 0.000000000000000000e+00 0.000000000000000000e+00 0.000000000000000000e+00 0.000000000000000000e+00 0.000000000000000000e+00 0.000000000000000000e+00 0.000000000000000000e+00 0.000000000000000000e+00 0.000000000000000000e+00
0.000000000000000000e+00 0.000000000000000000e+00 0.000000000000000000e+00 0.000000000000000000e+00 0.000000000000000000e+00 0.000000000000000000e+00 0.000000000000000000e+00 0.000000000000000000e+00 0.000000000000000000e+00 0.000000000000000000e+00 0.000000000000000000e+00 0.000000000000000000e+00 0.000000000000000000e+00 0.000000000000000000e+00 0.000000000000000000e+00 0.000000000000000000e+00 0.000000000000000000e+00 0.000000000000000000e+00
0.000000000000000000e+00 0.000000000000000000e+00 0.000000000000000000e+00 0.000000000000000000e+00 0.000000000000000000e+00 0.000000000000000000e+00 0.000000000000000000e+00 0.000000000000000000e+00 0.000000000000000000e+00 0.000000000000000000e+00 0.000000000000000000e+00 0.000000000000000000e+00 0.000000000000000000e+00 0.000000000000000000e+00 0.000000000000000000e+00 0.000000000000000000e+00 0.000000000000000000e+00 0.000000000000000000e+00
0.000000000000000000e+00 0.000000000000000000e+00 0.000000000000000000e+00 0.000000000000000000e+00 0.000000000000000000e+00 0.000000000000000000e+00 0.000000000000000000e+00 0.000000000000000000e+00 0.000000000000000000e+00 0.000000000000000000e+00 0.000000000000000000e+00 0.000000000000000000e+00 0.000000000000000000e+00 0.000000000000000000e+00 0.000000000000000000e+00 0.000000000000000000e+00 0.000000000000000000e+00 0.000000000000000000e+00
