5.188773870468139648e-01 6.160127520561218262e-01 -2.340349406003952026e-01 7.981781959533691406e-01 8.009048700332641602e-01 -6.161984801292419434e-01 7.865930795669555664e-01 4.466071128845214844e-01 -9.794336557388305664e-01 7.952984571456909180e-01 2.948520779609680176e-01 -1.053434729576110840e+00 7.690296173095703125e-01 2.693068683147430420e-01 -9.801436662673950195e-01 7.595924139022827148e-01 3.155738711357116699e-01 -9.658157229423522949e-01
5.191056132316589355e-01 6.188905835151672363e-01 -2.207573652267456055e-01 7.976195812225341797e-01 8.236140608787536621e-01 -7.004681229591369629e-01 7.872843146324157715e-01 4.467442929744720459e-01 -1.197049021720886230e+00 7.955708503723144531e-01 2.976516485214233398e-01 -1.286258101463317871e+00 7.693101763725280762e-01 2.711200714111328125e-01 -1.200912952423095703e+00 7.598806619644165039e-01 3.234665989875793457e-01 -1.182778358459472656e+00
5.215421915054321289e-01 6.198553442955017090e-01 -2.667860388755798340e-01 7.970415353775024414e-01 8.234212398529052734e-01 -7.710340619087219238e-01 7.867509722709655762e-01 4.437169134616851807e-01 -1.217743158340454102e+00 7.953639626502990723e-01 2.959389388561248779e-01 -1.297315239906311035e+00 7.693045735359191895e-01 2.704024612903594971e-01 -1.212863206863403320e+00 7.594860792160034180e-01 3.226761519908905029e-01 -1.199518918991088867e+00
5.258060097694396973e-01 6.215156912803649902e-01 -2.647653222084045410e-01 7.979069352149963379e-01 8.228084444999694824e-01 -7.956967949867248535e-01 7.865020632743835449e-01 4.393370747566223145e-01 -1.209275841712951660e+00 7.953656911849975586e-01 2.944851219654083252e-01 -1.284553766250610352e+00 7.692285776138305664e-01 2.699060738086700439e-01 -1.192806482315063477e+00 7.578217387199401855e-01 3.226496577262878418e-01 -1.190068483352661133e+00
5.271224379539489746e-01 6.265977621078491211e-01 -3.249518871307373047e-01 7.970023751258850098e-01 8.221532106399536133e-01 -8.444368243217468262e-01 7.846864461898803711e-01 4.384380578994750977e-01 -1.217123985290527344e+00 7.955080866813659668e-01 2.944681942462921143e-01 -1.306032776832580566e+00 7.691909670829772949e-01 2.696976959705352783e-01 -1.196122407913208008e+00 7.534798979759216309e-01 3.249557614326477051e-01 -1.193239212036132812e+00
5.307381153106689453e-01 6.283940076828002930e-01 -2.995280623435974121e-01 7.960710525512695312e-01 8.220744729042053223e-01 -8.448759913444519043e-01 7.839848399162292480e-01 4.379040598869323730e-01 -1.211134672164916992e+00 7.961045503616333008e-01 2.939831316471099854e-01 -1.305475354194641113e+00 7.691933512687683105e-01 2.691260576248168945e-01 -1.174489736557006836e+00 7.513235807418823242e-01 3.256026804447174072e-01 -1.180564641952514648e+00
5.307381153106689453e-01 6.283940076828002930e-01 -2.995280623435974121e-01 7.960710525512695312e-01 8.220744729042053223e-01 -8.448759913444519043e-01 7.839848399162292480e-01 4.379040598869323730e-01 -1.211134672164916992e+00 7.961045503616333008e-01 2.939831316471099854e-01 -1.305475354194641113e+00 7.691933512687683105e-01 2.691260576248168945e-01 -1.174489736557006836e+00 7.513235807418823242e-01 3.256026804447174072e-01 -1.180564641952514648e+00
5.309258699417114258e-01 6.300461888313293457e-01 -2.778646349906921387e-01 7.959003448486328125e-01 8.223937749862670898e-01 -8.088397979736328125e-01 7.838833332061767578e-01 4.402188062667846680e-01 -1.198373079299926758e+00 7.961531877517700195e-01 2.965951859951019287e-01 -1.295505523681640625e+00 7.682979106903076172e-01 2.724150419235229492e-01 -1.179035544395446777e+00 7.486608028411865234e-01 3.305902779102325439e-01 -1.173005461692810059e+00
5.308195352554321289e-01 6.304170489311218262e-01 -3.024789988994598389e-01 7.932990789413452148e-01 8.224578499794006348e-01 -8.223901987075805664e-01 7.833677530288696289e-01 4.405376613140106201e-01 -1.201238393783569336e+00 7.958020567893981934e-01 2.971024811267852783e-01 -1.296085476875305176e+00 7.671809196472167969e-01 2.738497555255889893e-01 -1.187454938888549805e+00 7.466341257095336914e-01 3.341494798660278320e-01 -1.178393363952636719e+00
5.340589284896850586e-01 6.329037547111511230e-01 -3.614009022712707520e-01 7.918546199798583984e-01 8.222644329071044922e-01 -9.438484907150268555e-01 7.826420068740844727e-01 4.401876628398895264e-01 -1.390481233596801758e+00 7.958089113235473633e-01 2.971112430095672607e-01 -1.491738677024841309e+00 7.673914432525634766e-01 2.734998166561126709e-01 -1.381246805191040039e+00 7.468080520629882812e-01 3.339461386203765869e-01 -1.366354703903198242e+00
5.339477658271789551e-01 6.327784657478332520e-01 -3.594205379486083984e-01 7.916859984397888184e-01 8.262644410133361816e-01 -9.101057052612304688e-01 7.825905084609985352e-01 4.399284720420837402e-01 -1.354146003723144531e+00 7.961720228195190430e-01 2.966871261596679688e-01 -1.435787200927734375e+00 7.677313089370727539e-01 2.716205418109893799e-01 -1.326893925666809082e+00 7.467226386070251465e-01 3.339086174964904785e-01 -1.339352369308471680e+00
5.338883399963378906e-01 6.329855322837829590e-01 -3.410662710666656494e-01 7.913913726806640625e-01 8.260153532028198242e-01 -8.898291587829589844e-01 7.821076512336730957e-01 4.387650489807128906e-01 -1.215557813644409180e+00 7.945490479469299316e-01 2.967862486839294434e-01 -1.300470829010009766e+00 7.661331892013549805e-01 2.716904282569885254e-01 -1.182704448699951172e+00 7.465693950653076172e-01 3.335646986961364746e-01 -1.189177989959716797e+00
5.332879424095153809e-01 6.330538392066955566e-01 -3.545771837234497070e-01 7.914956212043762207e-01 8.253723978996276855e-01 -9.570211172103881836e-01 7.811409235000610352e-01 4.374670684337615967e-01 -1.416624426841735840e+00 7.937852740287780762e-01 2.959081828594207764e-01 -1.522034645080566406e+00 7.642470598220825195e-01 2.716660797595977783e-01 -1.411961317062377930e+00 7.452527880668640137e-01 3.331545889377593994e-01 -1.393733263015747070e+00
5.332086086273193359e-01 6.330384016036987305e-01 -3.424513339996337891e-01 7.911952733993530273e-01 8.240724205970764160e-01 -9.058321714401245117e-01 7.825774550437927246e-01 4.377435743808746338e-01 -1.341573476791381836e+00 7.967314720153808594e-01 2.961835861206054688e-01 -1.439756631851196289e+00 7.662941813468933105e-01 2.721185982227325439e-01 -1.333396673202514648e+00 7.464946508407592773e-01 3.333138525485992432e-01 -1.319112420082092285e+00
5.330864191055297852e-01 6.329672932624816895e-01 -3.126768171787261963e-01 7.931307554244995117e-01 8.216682076454162598e-01 -8.686235547065734863e-01 7.824376225471496582e-01 4.319778680801391602e-01 -1.334769010543823242e+00 7.967654466629028320e-01 2.930933237075805664e-01 -1.409560441970825195e+00 7.661646604537963867e-01 2.734645903110504150e-01 -1.308627843856811523e+00 7.462185621261596680e-01 3.320491909980773926e-01 -1.307184815406799316e+00
5.330144166946411133e-01 6.329853534698486328e-01 -2.617441117763519287e-01 7.928194999694824219e-01 8.208246827125549316e-01 -7.403079867362976074e-01 7.821488976478576660e-01 4.332128763198852539e-01 -1.164842486381530762e+00 7.970043420791625977e-01 2.933912575244903564e-01 -1.250074386596679688e+00 7.663846611976623535e-01 2.732314169406890869e-01 -1.164118170738220215e+00 7.462261915206909180e-01 3.325357437133789062e-01 -1.149387598037719727e+00
5.330088734626770020e-01 6.332340240478515625e-01 -2.632043361663818359e-01 7.937002778053283691e-01 8.207486867904663086e-01 -8.012572526931762695e-01 7.824881076812744141e-01 4.337385594844818115e-01 -1.307600140571594238e+00 7.978312373161315918e-01 2.932233512401580811e-01 -1.392880558967590332e+00 7.666476964950561523e-01 2.730742394924163818e-01 -1.303609728813171387e+00 7.463947534561157227e-01 3.325014710426330566e-01 -1.288987278938293457e+00
5.329795479774475098e-01 6.332295536994934082e-01 -2.591768801212310791e-01 7.939588427543640137e-01 8.206890821456909180e-01 -8.017721176147460938e-01 7.822865247726440430e-01 4.321620166301727295e-01 -1.275143861770629883e+00 7.973665595054626465e-01 2.932070195674896240e-01 -1.363305330276489258e+00 7.652670145034790039e-01 2.730573713779449463e-01 -1.264186024665832520e+00 7.457889318466186523e-01 3.324860334396362305e-01 -1.254617571830749512e+00
5.327491760253906250e-01 6.342222690582275391e-01 -2.652890980243682861e-01 7.936679124832153320e-01 8.206402063369750977e-01 -7.837246060371398926e-01 7.813354730606079102e-01 4.324945807456970215e-01 -1.230413317680358887e+00 7.973740100860595703e-01 2.933658063411712646e-01 -1.324769496917724609e+00 7.652329206466674805e-01 2.719046175479888916e-01 -1.230558753013610840e+00 7.450548410415649414e-01 3.322198688983917236e-01 -1.213940262794494629e+00
5.325890779495239258e-01 6.323227286338806152e-01 -3.286840021610260010e-01 7.935811877250671387e-01 8.232030868530273438e-01 -8.942332267761230469e-01 7.803746461868286133e-01 4.327496290206909180e-01 -1.351882696151733398e+00 7.961870431900024414e-01 2.933758497238159180e-01 -1.457371473312377930e+00 7.646585702896118164e-01 2.720688283443450928e-01 -1.353622078895568848e+00 7.445479631423950195e-01 3.328681588172912598e-01 -1.332028508186340332e+00
5.325233340263366699e-01 6.339393854141235352e-01 -3.582439422607421875e-01 7.913419008255004883e-01 8.218371868133544922e-01 -1.019649744033813477e+00 7.803710103034973145e-01 4.325764477252960205e-01 -1.524832963943481445e+00 7.960459589958190918e-01 2.937510311603546143e-01 -1.627014398574829102e+00 7.651177644729614258e-01 2.719809114933013916e-01 -1.519898056983947754e+00 7.449340820312500000e-01 3.328155875205993652e-01 -1.502245426177978516e+00
5.321007966995239258e-01 6.333685517311096191e-01 -2.838084399700164795e-01 7.912794351577758789e-01 8.224071264266967773e-01 -8.406858444213867188e-01 7.807511687278747559e-01 4.361166059970855713e-01 -1.247157216072082520e+00 7.962239980697631836e-01 2.943407595157623291e-01 -1.331767320632934570e+00 7.663599848747253418e-01 2.718400359153747559e-01 -1.229956150054931641e+00 7.451642155647277832e-01 3.332711160182952881e-01 -1.226558566093444824e+00
5.321007966995239258e-01 6.333685517311096191e-01 -2.838084399700164795e-01 7.912794351577758789e-01 8.224071264266967773e-01 -8.406858444213867188e-01 7.807511687278747559e-01 4.361166059970855713e-01 -1.247157216072082520e+00 7.962239980697631836e-01 2.943407595157623291e-01 -1.331767320632934570e+00 7.663599848747253418e-01 2.718400359153747559e-01 -1.229956150054931641e+00 7.451642155647277832e-01 3.332711160182952881e-01 -1.226558566093444824e+00
5.315691232681274414e-01 6.325579881668090820e-01 -3.180173337459564209e-01 7.896454930305480957e-01 8.221321105957031250e-01 -8.711573481559753418e-01 7.806562185287475586e-01 4.349123537540435791e-01 -1.248553037643432617e+00 7.963194251060485840e-01 2.937684357166290283e-01 -1.350861072540283203e+00 7.661759853363037109e-01 2.719278931617736816e-01 -1.242867469787597656e+00 7.448771595954895020e-01 3.328669667243957520e-01 -1.236081600189208984e+00
5.310536623001098633e-01 6.319148540496826172e-01 -3.226931989192962646e-01 7.889376878738403320e-01 8.189865350723266602e-01 -9.247072935104370117e-01 7.803310155868530273e-01 4.348611533641815186e-01 -1.405900001525878906e+00 7.945696711540222168e-01 2.946995496749877930e-01 -1.504274964332580566e+00 7.649978995323181152e-01 2.723456323146820068e-01 -1.400635004043579102e+00 7.447147965431213379e-01 3.331289291381835938e-01 -1.384501457214355469e+00
5.312810540199279785e-01 6.313974857330322266e-01 -2.647990286350250244e-01 7.899853587150573730e-01 8.233039379119873047e-01 -7.456422448158264160e-01 7.803250551223754883e-01 4.396916329860687256e-01 -1.172979950904846191e+00 7.949116230010986328e-01 2.959748804569244385e-01 -1.261228919029235840e+00 7.647420763969421387e-01 2.740863263607025146e-01 -1.179102182388305664e+00 7.440060973167419434e-01 3.364900648593902588e-01 -1.158983707427978516e+00
5.302935838699340820e-01 6.309283971786499023e-01 -2.630727589130401611e-01 7.901635766029357910e-01 8.224689364433288574e-01 -7.490089535713195801e-01 7.802088856697082520e-01 4.396574795246124268e-01 -1.144186735153198242e+00 7.945700287818908691e-01 2.962893545627593994e-01 -1.232186913490295410e+00 7.637863755226135254e-01 2.744049131870269775e-01 -1.132570147514343262e+00 7.423254251480102539e-01 3.377314507961273193e-01 -1.123419523239135742e+00
5.302823185920715332e-01 6.323300600051879883e-01 -2.524847686290740967e-01 7.904820442199707031e-01 8.229685425758361816e-01 -7.729355692863464355e-01 7.794467806816101074e-01 4.378739893436431885e-01 -1.197972416877746582e+00 7.944014072418212891e-01 2.948029935359954834e-01 -1.288972377777099609e+00 7.635807991027832031e-01 2.719761133193969727e-01 -1.187627077102661133e+00 7.423264980316162109e-01 3.335675299167633057e-01 -1.177137255668640137e+00
5.303497314453125000e-01 6.314691305160522461e-01 -2.171645611524581909e-01 7.904856801033020020e-01 8.217313885688781738e-01 -7.735515832901000977e-01 7.788942456245422363e-01 4.433296918869018555e-01 -1.211351633071899414e+00 7.939736247062683105e-01 2.962016761302947998e-01 -1.295184850692749023e+00 7.617577314376831055e-01 2.740403115749359131e-01 -1.188974976539611816e+00 7.400649189949035645e-01 3.414910733699798584e-01 -1.188113212585449219e+00
5.303497314453125000e-01 6.314691305160522461e-01 -2.171645611524581909e-01 7.904856801033020020e-01 8.217313885688781738e-01 -7.735515832901000977e-01 7.788942456245422363e-01 4.433296918869018555e-01 -1.211351633071899414e+00 7.939736247062683105e-01 2.962016761302947998e-01 -1.295184850692749023e+00 7.617577314376831055e-01 2.740403115749359131e-01 -1.188974976539611816e+00 7.400649189949035645e-01 3.414910733699798584e-01 -1.188113212585449219e+00
5.307389497756958008e-01 6.317805051803588867e-01 -2.379008233547210693e-01 7.907496690750122070e-01 8.224858641624450684e-01 -7.944177389144897461e-01 7.787759304046630859e-01 4.431933760643005371e-01 -1.245953798294067383e+00 7.942016720771789551e-01 2.961191833019256592e-01 -1.333607912063598633e+00 7.622627615928649902e-01 2.731716930866241455e-01 -1.226891040802001953e+00 7.400823831558227539e-01 3.414171636104583740e-01 -1.223257303237915039e+00
5.308607220649719238e-01 6.318527460098266602e-01 -3.304090201854705811e-01 7.921362519264221191e-01 8.227808475494384766e-01 -8.798553347587585449e-01 7.784225940704345703e-01 4.406812489032745361e-01 -1.382854461669921875e+00 7.938635945320129395e-01 2.957695424556732178e-01 -1.482649564743041992e+00 7.621584534645080566e-01 2.731413245201110840e-01 -1.376714348793029785e+00 7.400966882705688477e-01 3.400875627994537354e-01 -1.357810735702514648e+00
5.299267172813415527e-01 6.315057873725891113e-01 -3.225872516632080078e-01 7.920655012130737305e-01 8.234625458717346191e-01 -8.677057027816772461e-01 7.783955335617065430e-01 4.409521818161010742e-01 -1.326896190643310547e+00 7.933944463729858398e-01 2.968065440654754639e-01 -1.430714011192321777e+00 7.608923912048339844e-01 2.749629914760589600e-01 -1.317872524261474609e+00 7.399361133575439453e-01 3.402335941791534424e-01 -1.300669312477111816e+00
5.296550989151000977e-01 6.313773989677429199e-01 -2.736914753913879395e-01 7.900105714797973633e-01 8.171876668930053711e-01 -8.184565305709838867e-01 7.773905396461486816e-01 4.358611404895782471e-01 -1.217644095420837402e+00 7.922409772872924805e-01 2.959394454956054688e-01 -1.293067812919616699e+00 7.603544592857360840e-01 2.730296254158020020e-01 -1.182492256164550781e+00 7.395238280296325684e-01 3.370503187179565430e-01 -1.189870357513427734e+00
5.296664834022521973e-01 6.313776373863220215e-01 -2.696905732154846191e-01 7.900090813636779785e-01 8.160721659660339355e-01 -7.781828641891479492e-01 7.773455381393432617e-01 4.349374175071716309e-01 -1.204020857810974121e+00 7.923221588134765625e-01 2.944193482398986816e-01 -1.291894316673278809e+00 7.606191635131835938e-01 2.706464231014251709e-01 -1.188731908798217773e+00 7.397524118423461914e-01 3.337612450122833252e-01 -1.182259321212768555e+00
5.296573638916015625e-01 6.313749551773071289e-01 -2.610462009906768799e-01 7.900003194808959961e-01 8.162154555320739746e-01 -7.879262566566467285e-01 7.766290307044982910e-01 4.358547329902648926e-01 -1.284466266632080078e+00 7.921222448348999023e-01 2.968490421772003174e-01 -1.376177906990051270e+00 7.601969838142395020e-01 2.733692526817321777e-01 -1.275387525558471680e+00 7.390196919441223145e-01 3.369691073894500732e-01 -1.262236237525939941e+00
5.302100777626037598e-01 6.304306387901306152e-01 -2.127716094255447388e-01 7.901350855827331543e-01 8.181702494621276855e-01 -7.092122435569763184e-01 7.765192985534667969e-01 4.361819922924041748e-01 -1.163081765174865723e+00 7.912876605987548828e-01 2.971165478229522705e-01 -1.242962121963500977e+00 7.595137953758239746e-01 2.733641862869262695e-01 -1.143447637557983398e+00 7.389906644821166992e-01 3.366695642471313477e-01 -1.140680909156799316e+00
5.308147668838500977e-01 6.317366957664489746e-01 -2.700111865997314453e-01 7.901676893234252930e-01 8.200994133949279785e-01 -8.881593942642211914e-01 7.760735154151916504e-01 4.361216425895690918e-01 -1.410880446434020996e+00 7.911818623542785645e-01 2.960809767246246338e-01 -1.507818341255187988e+00 7.595511674880981445e-01 2.728651762008666992e-01 -1.406158566474914551e+00 7.390209436416625977e-01 3.362668752670288086e-01 -1.390228629112243652e+00
5.308315157890319824e-01 6.313208937644958496e-01 -2.700449526309967041e-01 7.907527089118957520e-01 8.200823664665222168e-01 -8.649700880050659180e-01 7.761018276214599609e-01 4.353667497634887695e-01 -1.350394368171691895e+00 7.912287712097167969e-01 2.947807013988494873e-01 -1.447825431823730469e+00 7.595709562301635742e-01 2.724764943122863770e-01 -1.345187425613403320e+00 7.391001582145690918e-01 3.359473943710327148e-01 -1.329498052597045898e+00
5.318551659584045410e-01 6.316198110580444336e-01 -2.373061478137969971e-01 7.908317446708679199e-01 8.200538754463195801e-01 -7.727947831153869629e-01 7.760826349258422852e-01 4.354083836078643799e-01 -1.218952417373657227e+00 7.911528348922729492e-01 2.945475876331329346e-01 -1.293999314308166504e+00 7.600601911544799805e-01 2.719647586345672607e-01 -1.194664835929870605e+00 7.393518686294555664e-01 3.356460034847259521e-01 -1.196646928787231445e+00
5.318551659584045410e-01 6.316198110580444336e-01 -2.373061478137969971e-01 7.908317446708679199e-01 8.200538754463195801e-01 -7.727947831153869629e-01 7.760826349258422852e-01 4.354083836078643799e-01 -1.218952417373657227e+00 7.911528348922729492e-01 2.945475876331329346e-01 -1.293999314308166504e+00 7.600601911544799805e-01 2.719647586345672607e-01 -1.194664835929870605e+00 7.393518686294555664e-01 3.356460034847259521e-01 -1.196646928787231445e+00
5.321652889251708984e-01 6.310468912124633789e-01 -2.322895228862762451e-01 7.922542691230773926e-01 8.201783895492553711e-01 -7.129363417625427246e-01 7.761279344558715820e-01 4.357427060604095459e-01 -1.117678403854370117e+00 7.921370863914489746e-01 2.945258319377899170e-01 -1.195993661880493164e+00 7.602409720420837402e-01 2.715925872325897217e-01 -1.114537715911865234e+00 7.393635511398315430e-01 3.356178104877471924e-01 -1.104264616966247559e+00
5.318444371223449707e-01 6.307260394096374512e-01 -2.540432214736938477e-01 7.925957441329956055e-01 8.201233744621276855e-01 -7.468206882476806641e-01 7.763648033142089844e-01 4.329693615436553955e-01 -1.152868986129760742e+00 7.924550771713256836e-01 2.930049598217010498e-01 -1.220405459403991699e+00 7.602337598800659180e-01 2.698991596698760986e-01 -1.149452447891235352e+00 7.393153905868530273e-01 3.325206339359283447e-01 -1.140046477317810059e+00
5.319550037384033203e-01 6.334969997406005859e-01 -2.842676937580108643e-01 7.938078641891479492e-01 8.202328085899353027e-01 -7.797952294349670410e-01 7.762022614479064941e-01 4.327260553836822510e-01 -1.178429007530212402e+00 7.919865846633911133e-01 2.930024266242980957e-01 -1.276427388191223145e+00 7.598274946212768555e-01 2.699175179004669189e-01 -1.174032568931579590e+00 7.387958168983459473e-01 3.323144614696502686e-01 -1.158825635910034180e+00
5.312630534172058105e-01 6.325322389602661133e-01 -2.841197550296783447e-01 7.929700613021850586e-01 8.197813034057617188e-01 -7.936134934425354004e-01 7.762480974197387695e-01 4.331575930118560791e-01 -1.224512338638305664e+00 7.920244932174682617e-01 2.933875322341918945e-01 -1.326420783996582031e+00 7.598153948783874512e-01 2.708304822444915771e-01 -1.224410772323608398e+00 7.387765645980834961e-01 3.330932557582855225e-01 -1.205261826515197754e+00
5.311383008956909180e-01 6.328106522560119629e-01 -3.279729783535003662e-01 7.928968071937561035e-01 8.213621377944946289e-01 -8.281009793281555176e-01 7.761411070823669434e-01 4.342574179172515869e-01 -1.268139243125915527e+00 7.920302748680114746e-01 2.943879663944244385e-01 -1.372967481613159180e+00 7.598650455474853516e-01 2.722879052162170410e-01 -1.276324510574340820e+00 7.388970851898193359e-01 3.330907225608825684e-01 -1.252801656723022461e+00
5.309299826622009277e-01 6.294553875923156738e-01 -1.919140815734863281e-01 7.919852137565612793e-01 8.213459253311157227e-01 -6.989532709121704102e-01 7.758682966232299805e-01 4.341031908988952637e-01 -1.112673997879028320e+00 7.916405797004699707e-01 2.938247025012969971e-01 -1.183686494827270508e+00 7.593141198158264160e-01 2.714405059814453125e-01 -1.087393522262573242e+00 7.385295033454895020e-01 3.324082195758819580e-01 -1.092751502990722656e+00
5.310725569725036621e-01 6.315591335296630859e-01 -3.657113909721374512e-01 7.919641733169555664e-01 8.191125988960266113e-01 -1.073028087615966797e+00 7.753032445907592773e-01 4.338957965373992920e-01 -1.614302873611450195e+00 7.907774448394775391e-01 2.931994795799255371e-01 -1.720646619796752930e+00 7.592150568962097168e-01 2.708439230918884277e-01 -1.613036155700683594e+00 7.385038137435913086e-01 3.322339951992034912e-01 -1.591595768928527832e+00
5.314068794250488281e-01 6.310746669769287109e-01 -3.514035046100616455e-01 7.929371595382690430e-01 8.191636204719543457e-01 -9.469214677810668945e-01 7.758847475051879883e-01 4.338932037353515625e-01 -1.346202850341796875e+00 7.910269498825073242e-01 2.932065725326538086e-01 -1.453855752944946289e+00 7.601667642593383789e-01 2.703629136085510254e-01 -1.313672423362731934e+00 7.399383187294006348e-01 3.302968740463256836e-01 -1.308014988899230957e+00
5.320065021514892578e-01 6.332045197486877441e-01 -3.568199276924133301e-01 7.929674386978149414e-01 8.196814060211181641e-01 -9.332930445671081543e-01 7.759912610054016113e-01 4.313471913337707520e-01 -1.331614851951599121e+00 7.909796833992004395e-01 2.926856577396392822e-01 -1.437416791915893555e+00 7.601724863052368164e-01 2.697959542274475098e-01 -1.300592303276062012e+00 7.400872707366943359e-01 3.296407461166381836e-01 -1.305038213729858398e+00
5.320065021514892578e-01 6.332045197486877441e-01 -3.568199276924133301e-01 7.929674386978149414e-01 8.196814060211181641e-01 -9.332930445671081543e-01 7.759912610054016113e-01 4.313471913337707520e-01 -1.331614851951599121e+00 7.909796833992004395e-01 2.926856577396392822e-01 -1.437416791915893555e+00 7.601724863052368164e-01 2.697959542274475098e-01 -1.300592303276062012e+00 7.400872707366943359e-01 3.296407461166381836e-01 -1.305038213729858398e+00
5.318779349327087402e-01 6.328672766685485840e-01 -3.488155603408813477e-01 7.918862104415893555e-01 8.216444849967956543e-01 -9.316952824592590332e-01 7.759817242622375488e-01 4.326008260250091553e-01 -1.456081151962280273e+00 7.909022569656372070e-01 2.926489412784576416e-01 -1.567742586135864258e+00 7.600356340408325195e-01 2.700084447860717773e-01 -1.465720653533935547e+00 7.400923371315002441e-01 3.300884962081909180e-01 -1.438418269157409668e+00
5.318062901496887207e-01 6.344643235206604004e-01 -3.528443276882171631e-01 7.920199036598205566e-01 8.207851052284240723e-01 -9.164606928825378418e-01 7.760099172592163086e-01 4.322575330734252930e-01 -1.362581372261047363e+00 7.907455563545227051e-01 2.925564348697662354e-01 -1.466274976730346680e+00 7.599613666534423828e-01 2.697292566299438477e-01 -1.332131147384643555e+00 7.397130727767944336e-01 3.299518525600433350e-01 -1.327075719833374023e+00
5.318071842193603516e-01 6.339982151985168457e-01 -3.264669775962829590e-01 7.911745905876159668e-01 8.225623369216918945e-01 -9.167016148567199707e-01 7.764593362808227539e-01 4.367578327655792236e-01 -1.373449206352233887e+00 7.910167574882507324e-01 2.949510216712951660e-01 -1.469266653060913086e+00 7.599660754203796387e-01 2.735737562179565430e-01 -1.353221774101257324e+00 7.396544218063354492e-01 3.372302651405334473e-01 -1.344668626785278320e+00
5.322105884552001953e-01 6.356379985809326172e-01 -3.856061100959777832e-01 7.906697988510131836e-01 8.245397210121154785e-01 -9.708511233329772949e-01 7.761616706848144531e-01 4.356483817100524902e-01 -1.446109890937805176e+00 7.910724878311157227e-01 2.939066886901855469e-01 -1.554008722305297852e+00 7.604385614395141602e-01 2.708087265491485596e-01 -1.446901321411132812e+00 7.396746277809143066e-01 3.340734243392944336e-01 -1.424966454505920410e+00
5.322105884552001953e-01 6.356379985809326172e-01 -3.856061100959777832e-01 7.906697988510131836e-01 8.245397210121154785e-01 -9.708511233329772949e-01 7.761616706848144531e-01 4.356483817100524902e-01 -1.446109890937805176e+00 7.910724878311157227e-01 2.939066886901855469e-01 -1.554008722305297852e+00 7.604385614395141602e-01 2.708087265491485596e-01 -1.446901321411132812e+00 7.396746277809143066e-01 3.340734243392944336e-01 -1.424966454505920410e+00
5.330914258956909180e-01 6.346164345741271973e-01 -3.193157613277435303e-01 7.908170223236083984e-01 8.269627690315246582e-01 -8.285205960273742676e-01 7.761495113372802734e-01 4.360142052173614502e-01 -1.276234984397888184e+00 7.909398078918457031e-01 2.943226397037506104e-01 -1.365329980850219727e+00 7.604007720947265625e-01 2.708129286766052246e-01 -1.269918441772460938e+00 7.396422624588012695e-01 3.340983092784881592e-01 -1.258134603500366211e+00
5.338214635848999023e-01 6.350349783897399902e-01 -2.437039315700531006e-01 7.908242344856262207e-01 8.289133310317993164e-01 -7.771217226982116699e-01 7.759500741958618164e-01 4.377293586730957031e-01 -1.245298385620117188e+00 7.909446358680725098e-01 2.959592044353485107e-01 -1.325978517532348633e+00 7.616534829139709473e-01 2.709787487983703613e-01 -1.231963276863098145e+00 7.402017116546630859e-01 3.340137898921966553e-01 -1.226818203926086426e+00
5.345581173896789551e-01 6.334623694419860840e-01 -2.081480920314788818e-01 7.912471890449523926e-01 8.302915096282958984e-01 -6.981834173202514648e-01 7.759841084480285645e-01 4.379400014877319336e-01 -1.121450066566467285e+00 7.908809185028076172e-01 2.963415682315826416e-01 -1.199658870697021484e+00 7.616400718688964844e-01 2.709653079509735107e-01 -1.109344482421875000e+00 7.402095198631286621e-01 3.339742124080657959e-01 -1.103545427322387695e+00
5.345634818077087402e-01 6.333767175674438477e-01 -1.577106267213821411e-01 7.912602424621582031e-01 8.298051953315734863e-01 -6.279386878013610840e-01 7.760373353958129883e-01 4.379362165927886963e-01 -1.048221945762634277e+00 7.911232709884643555e-01 2.962909340858459473e-01 -1.115937948226928711e+00 7.616199851036071777e-01 2.711892724037170410e-01 -1.024267435073852539e+00 7.402561902999877930e-01 3.340846896171569824e-01 -1.027309179306030273e+00
5.345071554183959961e-01 6.322898268699645996e-01 -2.016392648220062256e-01 7.925369739532470703e-01 8.235996961593627930e-01 -6.781103014945983887e-01 7.760149240493774414e-01 4.358550608158111572e-01 -1.082763075828552246e+00 7.925927639007568359e-01 2.940404713153839111e-01 -1.156197071075439453e+00 7.621088624000549316e-01 2.704188227653503418e-01 -1.074146986007690430e+00 7.404192686080932617e-01 3.325623273849487305e-01 -1.068652749061584473e+00
5.345071554183959961e-01 6.322898268699645996e-01 -2.016392648220062256e-01 7.925369739532470703e-01 8.235996961593627930e-01 -6.781103014945983887e-01 7.760149240493774414e-01 4.358550608158111572e-01 -1.082763075828552246e+00 7.925927639007568359e-01 2.940404713153839111e-01 -1.156197071075439453e+00 7.621088624000549316e-01 2.704188227653503418e-01 -1.074146986007690430e+00 7.404192686080932617e-01 3.325623273849487305e-01 -1.068652749061584473e+00
5.344964265823364258e-01 6.323034167289733887e-01 -2.072127759456634521e-01 7.926377058029174805e-01 8.243535757064819336e-01 -6.446544528007507324e-01 7.760008573532104492e-01 4.375796914100646973e-01 -1.026357054710388184e+00 7.925865650177001953e-01 2.947044968605041504e-01 -1.096255421638488770e+00 7.621045112609863281e-01 2.707666754722595215e-01 -9.999641180038452148e-01 7.400265336036682129e-01 3.336187005043029785e-01 -1.003566384315490723e+00
5.345200896263122559e-01 6.323045492172241211e-01 -2.116290330886840820e-01 7.924464344978332520e-01 8.240442276000976562e-01 -6.832068562507629395e-01 7.760000824928283691e-01 4.375726282596588135e-01 -1.088381052017211914e+00 7.926198244094848633e-01 2.946057319641113281e-01 -1.163938164710998535e+00 7.621403336524963379e-01 2.707661390304565430e-01 -1.060445547103881836e+00 7.400352358818054199e-01 3.335896730422973633e-01 -1.064297318458557129e+00
5.343210101127624512e-01 6.323410868644714355e-01 -2.671766281127929688e-01 7.930809259414672852e-01 8.243283033370971680e-01 -8.922592401504516602e-01 7.762573957443237305e-01 4.377950429916381836e-01 -1.401079893112182617e+00 7.929276823997497559e-01 2.947379648685455322e-01 -1.492788076400756836e+00 7.624559998512268066e-01 2.711418271064758301e-01 -1.374641299247741699e+00 7.400368452072143555e-01 3.354975581169128418e-01 -1.373279333114624023e+00
5.342908501625061035e-01 6.323124170303344727e-01 -2.727553844451904297e-01 7.926834821701049805e-01 8.217443823814392090e-01 -8.840147852897644043e-01 7.769504785537719727e-01 4.356217980384826660e-01 -1.334213018417358398e+00 7.929890155792236328e-01 2.937951683998107910e-01 -1.421853542327880859e+00 7.625569105148315430e-01 2.704197764396667480e-01 -1.314496755599975586e+00 7.410909533500671387e-01 3.333138823509216309e-01 -1.310006856918334961e+00
5.347506999969482422e-01 6.323458552360534668e-01 -2.432320564985275269e-01 7.939308285713195801e-01 8.233308792114257812e-01 -7.045861482620239258e-01 7.769351005554199219e-01 4.327383339405059814e-01 -1.119415998458862305e+00 7.929533720016479492e-01 2.937089502811431885e-01 -1.201425790786743164e+00 7.624458670616149902e-01 2.703457474708557129e-01 -1.100009202957153320e+00 7.410821914672851562e-01 3.332972228527069092e-01 -1.094595313072204590e+00
5.347506999969482422e-01 6.323458552360534668e-01 -2.432320564985275269e-01 7.939308285713195801e-01 8.233308792114257812e-01 -7.045861482620239258e-01 7.769351005554199219e-01 4.327383339405059814e-01 -1.119415998458862305e+00 7.929533720016479492e-01 2.937089502811431885e-01 -1.201425790786743164e+00 7.624458670616149902e-01 2.703457474708557129e-01 -1.100009202957153320e+00 7.410821914672851562e-01 3.332972228527069092e-01 -1.094595313072204590e+00
5.347572565078735352e-01 6.302652955055236816e-01 -1.990001201629638672e-01 7.932366132736206055e-01 8.231953978538513184e-01 -6.383543610572814941e-01 7.775684595108032227e-01 4.346412718296051025e-01 -1.002589941024780273e+00 7.955256104469299316e-01 2.936032414436340332e-01 -1.068962335586547852e+00 7.636700868606567383e-01 2.698835134506225586e-01 -9.876008033752441406e-01 7.418754100799560547e-01 3.328252136707305908e-01 -9.869786500930786133e-01
5.347595214843750000e-01 6.302750706672668457e-01 -2.063904106616973877e-01 7.931488156318664551e-01 8.218177556991577148e-01 -6.811760663986206055e-01 7.775348424911499023e-01 4.346533119678497314e-01 -1.074315309524536133e+00 7.956902980804443359e-01 2.935936152935028076e-01 -1.152357816696166992e+00 7.636773586273193359e-01 2.700245678424835205e-01 -1.064698100090026855e+00 7.418658137321472168e-01 3.328571021556854248e-01 -1.057502508163452148e+00
5.347498059272766113e-01 6.302912235260009766e-01 -2.301717996597290039e-01 7.934662699699401855e-01 8.221290111541748047e-01 -7.605866789817810059e-01 7.776626944541931152e-01 4.349995255470275879e-01 -1.235415816307067871e+00 7.956929206848144531e-01 2.937898933887481689e-01 -1.328443527221679688e+00 7.638131380081176758e-01 2.704320549964904785e-01 -1.226226806640625000e+00 7.418652176856994629e-01 3.342328965663909912e-01 -1.210914850234985352e+00
5.346752405166625977e-01 6.322326064109802246e-01 -3.038450181484222412e-01 7.938927412033081055e-01 8.225300908088684082e-01 -8.423566818237304688e-01 7.777764201164245605e-01 4.348632991313934326e-01 -1.262589931488037109e+00 7.956885695457458496e-01 2.936297953128814697e-01 -1.357768058776855469e+00 7.637395262718200684e-01 2.703362703323364258e-01 -1.245141267776489258e+00 7.419477701187133789e-01 3.338436186313629150e-01 -1.236199975013732910e+00
5.346271991729736328e-01 6.312479376792907715e-01 -2.994816601276397705e-01 7.933601140975952148e-01 8.227420449256896973e-01 -8.559490442276000977e-01 7.777881026268005371e-01 4.350067675113677979e-01 -1.337675809860229492e+00 7.956839799880981445e-01 2.935479879379272461e-01 -1.435251832008361816e+00 7.637059092521667480e-01 2.698880434036254883e-01 -1.332366108894348145e+00 7.417895793914794922e-01 3.338354825973510742e-01 -1.317368388175964355e+00
5.346247553825378418e-01 6.321136951446533203e-01 -3.596844375133514404e-01 7.932449579238891602e-01 8.229529857635498047e-01 -1.001614809036254883e+00 7.776695489883422852e-01 4.350157082080841064e-01 -1.577955842018127441e+00 7.955454587936401367e-01 2.937461733818054199e-01 -1.696597695350646973e+00 7.637664079666137695e-01 2.700196504592895508e-01 -1.591867208480834961e+00 7.420736551284790039e-01 3.335520029067993164e-01 -1.559462189674377441e+00
5.346503853797912598e-01 6.321091055870056152e-01 -3.335192203521728516e-01 7.933921217918395996e-01 8.240529298782348633e-01 -9.000674486160278320e-01 7.768960595130920410e-01 4.360009133815765381e-01 -1.349345445632934570e+00 7.943903207778930664e-01 2.958701550960540771e-01 -1.449744462966918945e+00 7.618483901023864746e-01 2.726483941078186035e-01 -1.349887490272521973e+00 7.396956086158752441e-01 3.365702331066131592e-01 -1.332937240600585938e+00
5.346797108650207520e-01 6.319970488548278809e-01 -3.787626624107360840e-01 7.933665513992309570e-01 8.236128687858581543e-01 -9.630427360534667969e-01 7.769230008125305176e-01 4.353578984737396240e-01 -1.380948781967163086e+00 7.940763235092163086e-01 2.953365743160247803e-01 -1.480278968811035156e+00 7.617258429527282715e-01 2.726218104362487793e-01 -1.366163015365600586e+00 7.395291924476623535e-01 3.363715112209320068e-01 -1.352985739707946777e+00
5.345980525016784668e-01 6.327869296073913574e-01 -3.616161346435546875e-01 7.937464118003845215e-01 8.236296176910400391e-01 -9.252215623855590820e-01 7.776330113410949707e-01 4.353059530258178711e-01 -1.415106534957885742e+00 7.946218252182006836e-01 2.953216135501861572e-01 -1.517213344573974609e+00 7.621766328811645508e-01 2.726007401943206787e-01 -1.412282347679138184e+00 7.407060861587524414e-01 3.363045454025268555e-01 -1.393422245979309082e+00
5.345953702926635742e-01 6.321241855621337891e-01 -3.001652359962463379e-01 7.937396168708801270e-01 8.236857652664184570e-01 -7.251639962196350098e-01 7.776393890380859375e-01 4.352930486202239990e-01 -1.143462061882019043e+00 7.946693897247314453e-01 2.953110635280609131e-01 -1.240167379379272461e+00 7.621852159500122070e-01 2.725819647312164307e-01 -1.135436773300170898e+00 7.407156229019165039e-01 3.362483084201812744e-01 -1.119056582450866699e+00
5.346234440803527832e-01 6.321240067481994629e-01 -2.315820157527923584e-01 7.935462594032287598e-01 8.229035139083862305e-01 -6.738396286964416504e-01 7.774103283882141113e-01 4.335660636425018311e-01 -1.106214880943298340e+00 7.946704626083374023e-01 2.941907048225402832e-01 -1.198079824447631836e+00 7.630299329757690430e-01 2.713039219379425049e-01 -1.109526872634887695e+00 7.413399219512939453e-01 3.304940462112426758e-01 -1.090929746627807617e+00
5.349692106246948242e-01 6.321244835853576660e-01 -2.397716343402862549e-01 7.935485243797302246e-01 8.229932785034179688e-01 -7.159513831138610840e-01 7.773158550262451172e-01 4.336451590061187744e-01 -1.148257017135620117e+00 7.945021986961364746e-01 2.945510745048522949e-01 -1.205437302589416504e+00 7.624570727348327637e-01 2.713670134544372559e-01 -1.117051601409912109e+00 7.410808801651000977e-01 3.310037255287170410e-01 -1.124109148979187012e+00
5.349692106246948242e-01 6.321244835853576660e-01 -2.397716343402862549e-01 7.935485243797302246e-01 8.229932785034179688e-01 -7.159513831138610840e-01 7.773158550262451172e-01 4.336451590061187744e-01 -1.148257017135620117e+00 7.945021986961364746e-01 2.945510745048522949e-01 -1.205437302589416504e+00 7.624570727348327637e-01 2.713670134544372559e-01 -1.117051601409912109e+00 7.410808801651000977e-01 3.310037255287170410e-01 -1.124109148979187012e+00
5.351072549819946289e-01 6.321244835853576660e-01 -2.434629648923873901e-01 7.937208414077758789e-01 8.230012655258178711e-01 -7.267414331436157227e-01 7.773857116699218750e-01 4.335840940475463867e-01 -1.171465396881103516e+00 7.949799299240112305e-01 2.940680086612701416e-01 -1.243656516075134277e+00 7.632676959037780762e-01 2.701332867145538330e-01 -1.149550676345825195e+00 7.415385246276855469e-01 3.303308784961700439e-01 -1.148526787757873535e+00
5.351021289825439453e-01 6.317208409309387207e-01 -2.411007881164550781e-01 7.937772274017333984e-01 8.221610188484191895e-01 -7.175921797752380371e-01 7.785681486129760742e-01 4.372654855251312256e-01 -1.130061626434326172e+00 7.969952821731567383e-01 2.953448593616485596e-01 -1.197655677795410156e+00 7.654668092727661133e-01 2.712113559246063232e-01 -1.102266669273376465e+00 7.427461743354797363e-01 3.327212035655975342e-01 -1.105461359024047852e+00
5.353941321372985840e-01 6.317449808120727539e-01 -2.116550952196121216e-01 7.938524484634399414e-01 8.222709894180297852e-01 -7.155230045318603516e-01 7.783936262130737305e-01 4.365974962711334229e-01 -1.160288929939270020e+00 7.966488599777221680e-01 2.949761450290679932e-01 -1.235872149467468262e+00 7.648692727088928223e-01 2.708834111690521240e-01 -1.130722999572753906e+00 7.426470518112182617e-01 3.317575454711914062e-01 -1.132104396820068359e+00
5.353941321372985840e-01 6.317449808120727539e-01 -2.116550952196121216e-01 7.938524484634399414e-01 8.222709894180297852e-01 -7.155230045318603516e-01 7.783936262130737305e-01 4.365974962711334229e-01 -1.160288929939270020e+00 7.966488599777221680e-01 2.949761450290679932e-01 -1.235872149467468262e+00 7.648692727088928223e-01 2.708834111690521240e-01 -1.130722999572753906e+00 7.426470518112182617e-01 3.317575454711914062e-01 -1.132104396820068359e+00
5.356184840202331543e-01 6.314200758934020996e-01 -1.704252511262893677e-01 7.937132716178894043e-01 8.213022351264953613e-01 -6.304614543914794922e-01 7.814248800277709961e-01 4.353013932704925537e-01 -1.002781510353088379e+00 7.993490099906921387e-01 2.950284779071807861e-01 -1.064455270767211914e+00 7.680329084396362305e-01 2.705779373645782471e-01 -9.751709103584289551e-01 7.464531660079956055e-01 3.316555321216583252e-01 -9.842220544815063477e-01
5.358604192733764648e-01 6.318010091781616211e-01 -1.734284162521362305e-01 7.938155531883239746e-01 8.218644857406616211e-01 -6.661829948425292969e-01 7.814175486564636230e-01 4.349637627601623535e-01 -1.071215510368347168e+00 7.995982170104980469e-01 2.940801084041595459e-01 -1.143919229507446289e+00 7.682631015777587891e-01 2.695002853870391846e-01 -1.048814415931701660e+00 7.464759349822998047e-01 3.305252492427825928e-01 -1.051133394241333008e+00
5.360859632492065430e-01 6.308100819587707520e-01 -1.638456881046295166e-01 7.938161492347717285e-01 8.223616480827331543e-01 -6.439021825790405273e-01 7.819999456405639648e-01 4.376419484615325928e-01 -1.029055953025817871e+00 8.003762960433959961e-01 2.949839532375335693e-01 -1.090844869613647461e+00 7.683361172676086426e-01 2.706373631954193115e-01 -1.002076983451843262e+00 7.466558218002319336e-01 3.313063681125640869e-01 -1.009945988655090332e+00
5.364124178886413574e-01 6.313823461532592773e-01 -1.842904239892959595e-01 7.938533425331115723e-01 8.217762112617492676e-01 -6.678336262702941895e-01 7.819081544876098633e-01 4.376705884933471680e-01 -1.082251787185668945e+00 8.007367253303527832e-01 2.950748801231384277e-01 -1.155108213424682617e+00 7.688460350036621094e-01 2.706252038478851318e-01 -1.068807244300842285e+00 7.468332052230834961e-01 3.311357498168945312e-01 -1.065560102462768555e+00
5.364124178886413574e-01 6.313823461532592773e-01 -1.842904239892959595e-01 7.938533425331115723e-01 8.217762112617492676e-01 -6.678336262702941895e-01 7.819081544876098633e-01 4.376705884933471680e-01 -1.082251787185668945e+00 8.007367253303527832e-01 2.950748801231384277e-01 -1.155108213424682617e+00 7.688460350036621094e-01 2.706252038478851318e-01 -1.068807244300842285e+00 7.468332052230834961e-01 3.311357498168945312e-01 -1.065560102462768555e+00
5.371879339218139648e-01 6.323333978652954102e-01 -1.959773749113082886e-01 7.942305803298950195e-01 8.245396018028259277e-01 -6.880744695663452148e-01 7.806018590927124023e-01 4.362917840480804443e-01 -1.095150470733642578e+00 8.001585006713867188e-01 2.942558228969573975e-01 -1.162973642349243164e+00 7.684251070022583008e-01 2.696249783039093018e-01 -1.089022755622863770e+00 7.465704083442687988e-01 3.301583826541900635e-01 -1.075154781341552734e+00
5.371843576431274414e-01 6.289970874786376953e-01 -1.986702680587768555e-01 7.939751744270324707e-01 8.246160745620727539e-01 -6.938982009887695312e-01 7.806280255317687988e-01 4.384366869926452637e-01 -1.138402342796325684e+00 8.006334304809570312e-01 2.956340909004211426e-01 -1.212713241577148438e+00 7.683722972869873047e-01 2.705052196979522705e-01 -1.137455701828002930e+00 7.463741302490234375e-01 3.318499028682708740e-01 -1.124777674674987793e+00
5.371843576431274414e-01 6.289970874786376953e-01 -1.986702680587768555e-01 7.939751744270324707e-01 8.246160745620727539e-01 -6.938982009887695312e-01 7.806280255317687988e-01 4.384366869926452637e-01 -1.138402342796325684e+00 8.006334304809570312e-01 2.956340909004211426e-01 -1.212713241577148438e+00 7.683722972869873047e-01 2.705052196979522705e-01 -1.137455701828002930e+00 7.463741302490234375e-01 3.318499028682708740e-01 -1.124777674674987793e+00
5.373350381851196289e-01 6.323733925819396973e-01 -2.823207974433898926e-01 7.942072153091430664e-01 8.266067504882812500e-01 -7.348010540008544922e-01 7.806168198585510254e-01 4.353661239147186279e-01 -1.140617609024047852e+00 8.010696172714233398e-01 2.923423647880554199e-01 -1.221930742263793945e+00 7.691198587417602539e-01 2.674787640571594238e-01 -1.143750905990600586e+00 7.469662427902221680e-01 3.279601931571960449e-01 -1.128447294235229492e+00
5.372160673141479492e-01 6.321491599082946777e-01 -2.853012084960937500e-01 7.944326400756835938e-01 8.276884555816650391e-01 -7.554129362106323242e-01 7.804211378097534180e-01 4.361788034439086914e-01 -1.141577959060668945e+00 8.009441494941711426e-01 2.926455438137054443e-01 -1.224741220474243164e+00 7.679647803306579590e-01 2.694045007228851318e-01 -1.143681049346923828e+00 7.452146410942077637e-01 3.307239413261413574e-01 -1.128717541694641113e+00
5.373319387435913086e-01 6.333694458007812500e-01 -3.084374964237213135e-01 7.946367859840393066e-01 8.276126980781555176e-01 -8.439208269119262695e-01 7.806007266044616699e-01 4.358706772327423096e-01 -1.217560768127441406e+00 7.996856570243835449e-01 2.926450967788696289e-01 -1.303083658218383789e+00 7.677497863769531250e-01 2.695498168468475342e-01 -1.194197058677673340e+00 7.451502084732055664e-01 3.308796882629394531e-01 -1.191833615303039551e+00
5.374920368194580078e-01 6.332552433013916016e-01 -3.391559720039367676e-01 7.947919964790344238e-01 8.276101946830749512e-01 -9.257487058639526367e-01 7.805919647216796875e-01 4.356735050678253174e-01 -1.373274922370910645e+00 7.993875145912170410e-01 2.925266325473785400e-01 -1.472434282302856445e+00 7.677398920059204102e-01 2.694640159606933594e-01 -1.356332421302795410e+00 7.452102303504943848e-01 3.307906985282897949e-01 -1.345088839530944824e+00
5.372536182403564453e-01 6.332665085792541504e-01 -2.730776369571685791e-01 7.948328256607055664e-01 8.276239037513732910e-01 -8.409575223922729492e-01 7.806738615036010742e-01 4.358772337436676025e-01 -1.319939374923706055e+00 7.993838787078857422e-01 2.928766608238220215e-01 -1.394959449768066406e+00 7.677101492881774902e-01 2.694947421550750732e-01 -1.298082232475280762e+00 7.450972795486450195e-01 3.312972784042358398e-01 -1.298815488815307617e+00
5.372720956802368164e-01 6.347104907035827637e-01 -2.744401097297668457e-01 7.949780225753784180e-01 8.279985785484313965e-01 -8.191812634468078613e-01 7.806721925735473633e-01 4.367707073688507080e-01 -1.161930918693542480e+00 7.987341880798339844e-01 2.941913604736328125e-01 -1.240959763526916504e+00 7.668382525444030762e-01 2.712689936161041260e-01 -1.122426152229309082e+00 7.447007894515991211e-01 3.335181176662445068e-01 -1.130980372428894043e+00
5.373574495315551758e-01 6.340714693069458008e-01 -2.183788567781448364e-01 7.950950860977172852e-01 8.275909423828125000e-01 -6.573194861412048340e-01 7.804890871047973633e-01 4.429721534252166748e-01 -1.078856229782104492e+00 7.982844114303588867e-01 2.977722287178039551e-01 -1.167574167251586914e+00 7.661074399948120117e-01 2.744511663913726807e-01 -1.067463397979736328e+00 7.436538338661193848e-01 3.368563354015350342e-01 -1.056029319763183594e+00
