0.000000000000000000e+00 0.000000000000000000e+00 0.000000000000000000e+00 0.000000000000000000e+00 0.000000000000000000e+00 0.000000000000000000e+00
2.180959986071946133e-01 7.489998957347997477e-01 -9.247041050940397744e-01 1.871134082358036355e-01 -8.620418131785881899e-01 -4.254991327603180884e-01
2.180959986071946133e-01 7.489998957347997477e-01 -9.247041050940397744e-01 1.871134082358036355e-01 -8.620418131785881899e-01 -4.254991327603180884e-01
2.141262926504456932e-01 7.280621709969536948e-01 -8.821333549137111429e-01 2.347492955115121904e-01 -8.559850155501415037e-01 -4.168507134915867551e-01
2.088052496351232856e-01 7.184452441209110418e-01 -8.672904333143833799e-01 2.302396045666399715e-01 -8.545463872996498234e-01 -4.204317476492801520e-01
2.086474684825024017e-01 7.185988215833074566e-01 -8.677182575380925078e-01 2.293106001638679503e-01 -8.507464144995724453e-01 -4.221092418592374829e-01
2.077238600536589763e-01 7.159546866499432172e-01 -8.570953248548350834e-01 2.258372873322290197e-01 -8.468132361736341318e-01 -4.218043337219193889e-01
2.072933499632879928e-01 7.148625660260413683e-01 -8.592124098552232914e-01 2.260429336694282643e-01 -8.460557951457918779e-01 -4.214072337866729967e-01
2.055695789698549769e-01 7.093923252324600970e-01 -8.492427981500783041e-01 2.136188375406861406e-01 -8.410634626920331369e-01 -4.194730390707954726e-01
2.084854754295512314e-01 7.183184177128911774e-01 -8.515811343431836100e-01 2.300193466323036950e-01 -8.557989827841528951e-01 -4.020041738280111243e-01
2.077838732782033848e-01 7.171311795746404538e-01 -8.520280635452622819e-01 2.227374928404042553e-01 -8.346564723615876868e-01 -4.511176616917994542e-01
2.077838732782033848e-01 7.171311795746404538e-01 -8.520280635452622819e-01 2.227374928404042553e-01 -8.346564723615876868e-01 -4.511176616917994542e-01
2.029978811663993021e-01 7.022537899628014113e-01 -8.537308547053971131e-01 1.775339333271605535e-01 -7.566573366144664359e-01 -5.500973516040837952e-01
1.998288374613703400e-01 6.979087320011331252e-01 -8.463474654371666572e-01 1.617465495703113709e-01 -7.227334193610077673e-01 -5.964280406084638830e-01
1.982546308498030763e-01 6.923770739119483597e-01 -8.415876499888328421e-01 1.441739845581576918e-01 -7.018379740307909564e-01 -6.246204489457892750e-01
1.956466976055046825e-01 6.838713586958593549e-01 -8.260341815850591463e-01 1.461053805801930672e-01 -7.127308228873001639e-01 -6.170975672387166711e-01
1.950770080770643511e-01 6.826500988685424431e-01 -8.340781859452311986e-01 1.399493842869988791e-01 -7.014266583745650818e-01 -6.321393236238003199e-01
1.950770080770643511e-01 6.826500988685424431e-01 -8.340781859452311986e-01 1.399493842869988791e-01 -7.014266583745650818e-01 -6.321393236238003199e-01
1.936811515732127786e-01 6.783149571240019160e-01 -8.435518957227917669e-01 1.212811554663526248e-01 -6.879946696880675505e-01 -6.500680823438662603e-01
1.895332232672199968e-01 6.632993920565868340e-01 -8.298903774152215362e-01 1.177476824041897435e-01 -6.886669651124416314e-01 -6.336825573727838945e-01
1.890877085018033699e-01 6.621355378834425931e-01 -8.400260865947208888e-01 1.093467006687391246e-01 -6.872086087448875391e-01 -6.283686269731282303e-01
1.889479596028531549e-01 6.618894687538917632e-01 -8.402941786303895766e-01 1.058054321574289913e-01 -6.859442932194815823e-01 -6.294542397081275276e-01
1.863113813800318375e-01 6.516881619933443393e-01 -8.216127510857147431e-01 1.017748187605248267e-01 -6.801573160656535499e-01 -6.227963767924946659e-01
1.862031475063861130e-01 6.505079516483902591e-01 -8.073996931227344076e-01 1.004928268944371844e-01 -6.887765246028791921e-01 -6.326850057938531169e-01
1.862031475063861130e-01 6.505079516483902591e-01 -8.073996931227344076e-01 1.004928268944371844e-01 -6.887765246028791921e-01 -6.326850057938531169e-01
1.861248564071554257e-01 6.527104407789018348e-01 -8.290855524718990788e-01 9.073135961957140561e-02 -6.790176636826564804e-01 -6.396119771497666973e-01
1.856513724569135437e-01 6.512712775269674514e-01 -8.474435590095419357e-01 8.706538117105057373e-02 -6.774918126835286492e-01 -6.358025484734149968e-01
1.848087747451037099e-01 6.484396333282199665e-01 -8.520289654605474050e-01 8.019096518917691319e-02 -6.783405578327770247e-01 -6.281267902165093009e-01
1.822664578194369278e-01 6.486269221089714376e-01 -8.604095129953456267e-01 8.091455354420809543e-02 -6.807600489603075067e-01 -6.277009273431833902e-01
1.820481324381985899e-01 6.481427056515534080e-01 -8.572934107183278751e-01 7.701485191563209320e-02 -6.664687576325810658e-01 -6.462382757614688611e-01
1.816535605323382763e-01 6.468623559641683007e-01 -8.611136092672515563e-01 6.860991449745433568e-02 -6.428274954740593738e-01 -6.692575644895306652e-01
1.803743062761486715e-01 6.426126110103695943e-01 -8.611255894522352738e-01 6.332526304851579524e-02 -6.382566469119022035e-01 -6.655568610475777191e-01
1.800467969049433514e-01 6.448129933285657867e-01 -8.687454826679753550e-01 6.318522865850384473e-02 -6.470130062662096115e-01 -6.632017793752100765e-01
1.798497399554095655e-01 6.453051944717977939e-01 -8.673908125826406135e-01 6.044072075453971876e-02 -6.493763996342004630e-01 -6.611904584592098733e-01
1.798497399554095655e-01 6.453051944717977939e-01 -8.673908125826406135e-01 6.044072075453971876e-02 -6.493763996342004630e-01 -6.611904584592098733e-01
1.775736256709472827e-01 6.376361063819058206e-01 -8.726545300796828553e-01 5.786799731123094120e-02 -6.578043317691079084e-01 -6.581791038365836233e-01
1.777004617464977010e-01 6.381286995383226301e-01 -8.759603308341138428e-01 5.611914094733887193e-02 -6.564504936227117948e-01 -6.501324778267443261e-01
1.777791482450622462e-01 6.413991981091723416e-01 -8.791139177281110939e-01 5.632613579392455744e-02 -6.544486311422300640e-01 -6.510173488906255690e-01
1.777791482450622462e-01 6.413991981091723416e-01 -8.791139177281110939e-01 5.632613579392455744e-02 -6.544486311422300640e-01 -6.510173488906255690e-01
1.776170635343931048e-01 6.410227535534710475e-01 -8.829192519672240946e-01 5.504298460766892526e-02 -6.610497694162512650e-01 -6.441184378537866406e-01
1.779159860553127248e-01 6.432618191128602891e-01 -8.934186329945932314e-01 5.183177626892441353e-02 -6.631425655071171432e-01 -6.385302018468299590e-01
1.667589214534987707e-01 6.488170402219187727e-01 -8.813179095572536426e-01 4.266351717146173173e-02 -6.660044310489602326e-01 -6.382829916844015017e-01
1.635216301586030763e-01 6.351636816045700407e-01 -8.774852175259111320e-01 4.257238626102938933e-02 -6.707654084923292404e-01 -6.156553407171285741e-01
1.635216301586030763e-01 6.351636816045700407e-01 -8.774852175259111320e-01 4.257238626102938933e-02 -6.707654084923292404e-01 -6.156553407171285741e-01
1.634046587856332611e-01 6.356641988563355161e-01 -8.830401875313164117e-01 3.616374058518089657e-02 -6.586089060962236896e-01 -6.295281992017219830e-01
1.631572941424909162e-01 6.383675816376696011e-01 -8.868310268471417679e-01 3.658056962431530112e-02 -6.624015490698202946e-01 -6.286486416668106703e-01
1.631572941424909162e-01 6.383675816376696011e-01 -8.868310268471417679e-01 3.658056962431530112e-02 -6.624015490698202946e-01 -6.286486416668106703e-01
1.627451694826247963e-01 6.403756312431456710e-01 -8.914774610744223837e-01 3.102354930119259266e-02 -6.628778018261048954e-01 -6.280524401675825485e-01
1.621172868108141929e-01 6.393355777894057512e-01 -8.660639361623814203e-01 2.530208126990004733e-02 -6.552106677327896866e-01 -6.523346602246278270e-01
1.627074365889938645e-01 6.413633303823926823e-01 -8.706356453197224843e-01 2.627130456072696713e-02 -6.610794385486259417e-01 -6.375758140686300646e-01
1.622142201245526105e-01 6.395932784846876107e-01 -8.651846552620673370e-01 2.623772854615160494e-02 -6.704412063578150116e-01 -6.348251680536159958e-01
1.607799342676205223e-01 6.368952263246678847e-01 -8.706351774981370140e-01 2.713534737345497244e-02 -6.748556758392890709e-01 -6.329191976940206077e-01
1.619973377920996827e-01 6.409133809799801851e-01 -8.772102694398730138e-01 2.719876926300646147e-02 -6.748017223330190495e-01 -6.332208347961417738e-01
1.625754199897231911e-01 6.430577725944883749e-01 -8.812334117051224824e-01 2.792892535824065964e-02 -6.714104279915673601e-01 -6.360558921168870672e-01
1.632919434102226841e-01 6.450553741413947995e-01 -8.841226480077188921e-01 2.770482894751953237e-02 -6.738821812020454605e-01 -6.383454094600322648e-01
1.633850295284927368e-01 6.451596682023178486e-01 -8.917321792351534659e-01 2.589080016251463917e-02 -6.735648443162173260e-01 -6.316599781870403385e-01
1.633332999820075460e-01 6.478841355587651174e-01 -8.944335763824038388e-01 2.253131554523811128e-02 -6.675469244708399641e-01 -6.443983140602830284e-01
1.634321030365415151e-01 6.477366845943282048e-01 -8.959549119856464738e-01 2.266668653382871573e-02 -6.698823355086760412e-01 -6.421641202367883716e-01
1.637474739146503599e-01 6.488163479664260658e-01 -8.886971256988333012e-01 2.305117332614208328e-02 -7.026822773512346743e-01 -6.030502217222301065e-01
1.642673784361228240e-01 6.509585070706803700e-01 -8.907885738020099309e-01 2.375905280419689583e-02 -7.028447671359340232e-01 -6.048791228971408529e-01
1.646157237911583249e-01 6.522090059416764118e-01 -8.802735297906850720e-01 2.347190109980214906e-02 -7.091378481821489776e-01 -6.023443513255150039e-01
1.632609450370386128e-01 6.550093849235267829e-01 -8.823696888450573983e-01 1.819895158949609917e-02 -7.074256844598187932e-01 -6.120415329335375798e-01
1.636876857346744041e-01 6.567712811571329024e-01 -8.848076586934966459e-01 1.881600734775953562e-02 -7.072128220816036315e-01 -6.120844892394935455e-01
1.626163819778997099e-01 6.510917872604911061e-01 -8.894496234272905033e-01 1.862655861160737725e-02 -7.013288707775622299e-01 -6.199315831481023720e-01
1.630017223462229548e-01 6.522195531628037779e-01 -8.895506355288257394e-01 1.907062336462940835e-02 -7.098881615831954539e-01 -6.093733900992972519e-01
1.630191527770791793e-01 6.529884208509908472e-01 -8.881425410253005470e-01 1.904645213264409553e-02 -7.136375295196716317e-01 -6.030468987910543310e-01
1.619083920744985028e-01 6.530976473405868399e-01 -8.826147056649817912e-01 1.668952995115710256e-02 -7.223021075153505111e-01 -5.968383798778947869e-01
1.609187769011892200e-01 6.519225072254873909e-01 -8.859037166927131723e-01 1.537512368857191572e-02 -7.256156015058139452e-01 -5.899077097722752461e-01
1.609407828385972516e-01 6.519236601890814331e-01 -8.871538011434976223e-01 1.570981572597504594e-02 -7.298368652852124105e-01 -5.864541505438344293e-01
1.605519532354722223e-01 6.504569724679195586e-01 -8.885929641972991622e-01 1.582203770787113037e-02 -7.296683363915941190e-01 -5.811767814806588772e-01
1.598820379311917117e-01 6.524379534427630078e-01 -8.909210615094774743e-01 1.607910951048602960e-02 -7.279082871828939094e-01 -5.863354701533739499e-01
1.590447435459021175e-01 6.515085799788109533e-01 -8.936200031238095143e-01 1.538147110433386866e-02 -7.211812838921883850e-01 -5.950512048929887943e-01
1.582953349722789893e-01 6.486662446017874561e-01 -8.691643140989748773e-01 1.630737066231249810e-02 -7.266912142323711521e-01 -6.026688083906140969e-01
1.593795019216791009e-01 6.578145716880272609e-01 -9.037808855639347660e-01 1.338934159304412327e-02 -7.324255963212851217e-01 -5.891746808205605701e-01
1.656727217619640424e-01 6.811296361837734237e-01 -9.023672924752639268e-01 1.574901792529945568e-02 -7.962542196853233945e-01 -4.796199345661049107e-01
1.637911591331149275e-01 6.725510537008818623e-01 -8.564153667943353865e-01 1.569527991209098902e-02 -8.077256043468999946e-01 -4.815210798197216424e-01
1.636684415274644866e-01 6.720883682249445545e-01 -8.558088441556980230e-01 1.625232665339319468e-02 -8.079537206922658976e-01 -4.775681780176202484e-01
1.648547603016648488e-01 6.677474935977050219e-01 -8.553396647230439021e-01 1.653532770033876165e-02 -8.048253349057296058e-01 -4.579859584977991060e-01
1.647617771011195831e-01 6.676833726514126433e-01 -8.399123578440242932e-01 1.698019154407401712e-02 -8.403473075775713674e-01 -4.120080575126449096e-01
1.643822196973175054e-01 6.659457602780928243e-01 -8.258726006101173578e-01 1.732452555710598321e-02 -8.401654318540291433e-01 -4.273530421110907085e-01
1.643822196973175054e-01 6.659457602780928243e-01 -8.258726006101173578e-01 1.732452555710598321e-02 -8.401654318540291433e-01 -4.273530421110907085e-01
1.643445903657607954e-01 6.653501676564580469e-01 -8.156934042884504965e-01 1.775461425144184840e-02 -8.150952050331086163e-01 -4.275050882112254591e-01
1.644050792134439110e-01 6.656092707512100137e-01 -8.208030742710845651e-01 1.785894149483943649e-02 -8.080533161420360155e-01 -4.209950894799156518e-01
1.642051463684131851e-01 6.646460043553129582e-01 -8.279450594896873294e-01 1.848090205024165850e-02 -8.036898203282926145e-01 -4.064614859894930543e-01
1.637636007506734215e-01 6.631342635961734455e-01 -8.098408464190065548e-01 1.755827072298360436e-02 -7.762691496304114924e-01 -4.305655691127448503e-01
1.634453407107493428e-01 6.617482905442355623e-01 -8.146010457768797508e-01 1.837983847839540219e-02 -7.715177647571997976e-01 -4.452365049416149301e-01
1.639889395754588752e-01 6.636655444575194629e-01 -7.734153197735551544e-01 1.842012424753849964e-02 -7.806905290182380996e-01 -4.857127166405690866e-01
1.649050228649243388e-01 6.652378097851434635e-01 -7.766494564328090267e-01 2.010019039613863620e-02 -7.652592653908805165e-01 -5.082583097114009574e-01
1.649050228649243388e-01 6.652378097851434635e-01 -7.766494564328090267e-01 2.010019039613863620e-02 -7.652592653908805165e-01 -5.082583097114009574e-01
1.704439914372208320e-01 6.843842796781005600e-01 -7.410737539181627698e-01 2.226329839199783778e-02 -7.991180307914746983e-01 -4.661850867376870489e-01
1.702453584426660282e-01 6.856307024187492383e-01 -7.430938309483646753e-01 2.309437797676575435e-02 -7.915126799002394353e-01 -4.692301041051735733e-01
1.716647197376925671e-01 6.914990633037670920e-01 -7.452566899569172953e-01 2.385271194487885785e-02 -7.868626663307543012e-01 -4.657425337022379486e-01
1.716647197376925671e-01 6.914990633037670920e-01 -7.452566899569172953e-01 2.385271194487885785e-02 -7.868626663307543012e-01 -4.657425337022379486e-01
1.721904131037718388e-01 6.962541344107167074e-01 -7.418728039267926677e-01 2.358994430142392906e-02 -7.828845481847780396e-01 -4.890356861071789574e-01
