0.000000000000000000e+00 0.000000000000000000e+00 0.000000000000000000e+00 0.000000000000000000e+00
1.615962758660316467e-02 4.895629733800888062e-02 9.343756437301635742e-01 5.084017757326364517e-04
1.779794320464134216e-02 2.076552622020244598e-02 9.599153399467468262e-01 1.521233934909105301e-03
5.871325731277465820e-02 4.006105661392211914e-02 9.003920555114746094e-01 8.336827741004526615e-04
1.808324642479419708e-02 6.782104820013046265e-02 9.137670397758483887e-01 3.286549181211739779e-04
1.296152733266353607e-02 7.754604518413543701e-02 9.089735746383666992e-01 5.187907372601330280e-04
7.210667710751295090e-03 5.917924270033836365e-02 9.333064556121826172e-01 3.036402340512722731e-04
4.671571776270866394e-03 3.027139790356159210e-02 9.631153941154479980e-01 1.941539929248392582e-03
3.909373190253973007e-03 3.121239878237247467e-02 9.638726711273193359e-01 1.005491940304636955e-03
7.882807403802871704e-03 8.142549544572830200e-02 9.105501174926757812e-01 1.414997241226956248e-04
3.076848806813359261e-03 4.754082113504409790e-02 9.492639899253845215e-01 1.183829881483688951e-04
1.672033779323101044e-02 3.137190043926239014e-01 6.695551276206970215e-01 5.499529379449086264e-06
7.038140203803777695e-03 2.213813066482543945e-01 7.715715169906616211e-01 9.009239875013008714e-06
4.545715823769569397e-02 5.530555844306945801e-01 4.014844596385955811e-01 2.855141701729735360e-06
2.088512480258941650e-02 4.408502876758575439e-01 5.382579565048217773e-01 6.651375315414043143e-06
2.079604864120483398e-01 4.781695008277893066e-01 3.138586282730102539e-01 1.145245005318429321e-05
1.208567395806312561e-01 5.602383613586425781e-01 3.188897669315338135e-01 1.514930863777408376e-05
4.266245663166046143e-01 2.387395352125167847e-01 3.344560563564300537e-01 1.798098965082317591e-04
3.909178078174591064e-01 1.987530440092086792e-01 4.099550545215606689e-01 3.740078536793589592e-04
3.546139299869537354e-01 3.619525134563446045e-01 2.833493053913116455e-01 8.422070095548406243e-05
4.587635993957519531e-01 3.172084093093872070e-01 2.239537835121154785e-01 7.418922177748754621e-05
4.847427904605865479e-01 2.892368733882904053e-01 2.259125858545303345e-01 1.076659682439640164e-04
5.172387361526489258e-01 3.275770545005798340e-01 1.551271378993988037e-01 5.712128404411487281e-05
5.677904486656188965e-01 2.388732582330703735e-01 1.930650770664215088e-01 2.711637644097208977e-04
6.565834283828735352e-01 2.102597653865814209e-01 1.328996866941452026e-01 2.571284712757915258e-04
8.302495479583740234e-01 6.942097097635269165e-02 8.389194309711456299e-02 1.643752120435237885e-02
8.638805747032165527e-01 5.542388558387756348e-02 5.682067573070526123e-02 2.387491054832935333e-02
3.656235337257385254e-01 4.600383341312408447e-03 8.905170485377311707e-03 6.208708882331848145e-01
1.143442243337631226e-01 5.594300571829080582e-03 1.371075678616762161e-02 8.663507103919982910e-01
2.315022051334381104e-03 2.202644827775657177e-05 1.070965372491627932e-04 9.975558519363403320e-01
5.652980413287878036e-03 2.472696069162338972e-04 1.289745559915900230e-03 9.928100109100341797e-01
8.074060897342860699e-04 1.074305055226432160e-05 7.186565926531329751e-05 9.991099238395690918e-01
2.619358710944652557e-03 1.124144400819204748e-04 7.974590407684445381e-04 9.964708089828491211e-01
2.404257422313094139e-03 3.766447480302304029e-05 2.446834987495094538e-04 9.973133206367492676e-01
3.059457987546920776e-02 2.147193765267729759e-03 1.107267756015062332e-02 9.561855196952819824e-01
7.333693094551563263e-03 4.041413194499909878e-04 1.905615092255175114e-03 9.903565049171447754e-01
2.919687889516353607e-02 5.446310155093669891e-03 2.135964110493659973e-02 9.439971446990966797e-01
2.004757989197969437e-03 2.550581411924213171e-04 1.103618415072560310e-03 9.966365098953247070e-01
2.615453442558646202e-03 8.109771879389882088e-04 3.315399400889873505e-03 9.932582378387451172e-01
4.127298481762409210e-03 1.679958775639533997e-03 4.763243254274129868e-03 9.894295334815979004e-01
1.946689211763441563e-03 9.683716925792396069e-04 3.007122548297047615e-03 9.940778017044067383e-01
5.345948040485382080e-02 1.022272836416959763e-02 1.631511189043521881e-02 9.200026392936706543e-01
3.581833839416503906e-02 5.948205944150686264e-03 9.808912873268127441e-03 9.484245181083679199e-01
3.249311149120330811e-01 1.648362539708614349e-02 1.773810759186744690e-02 6.408471465110778809e-01
1.677125394344329834e-01 1.170953456312417984e-02 1.299862563610076904e-02 8.075792789459228516e-01
6.964939236640930176e-01 1.070054806768894196e-02 9.383376687765121460e-03 2.834220826625823975e-01
3.443855643272399902e-01 1.042795740067958832e-02 9.484451264142990112e-03 6.357020139694213867e-01
6.336869597434997559e-01 3.265887796878814697e-01 3.969640657305717468e-02 2.786516961350571364e-05
5.691015720367431641e-01 3.530997633934020996e-01 7.769050449132919312e-02 1.081519076251424849e-04
3.973708748817443848e-01 5.792064070701599121e-01 2.342087402939796448e-02 1.831161057452845853e-06
8.743804097175598145e-01 1.141036376357078552e-01 1.151335891336202621e-02 2.573804522398859262e-06
3.325271010398864746e-01 6.628608107566833496e-01 4.612129181623458862e-03 9.012230961502609716e-09
9.327633976936340332e-01 6.612293422222137451e-02 1.113773556426167488e-03 1.393502557789361163e-08
6.193234324455261230e-01 3.788988590240478516e-01 1.777732162736356258e-03 4.279831489206742390e-10
9.245709180831909180e-01 7.461648434400558472e-02 8.126499014906585217e-04 1.734508647821542127e-09
2.953471541404724121e-01 7.030313014984130859e-01 1.621576026082038879e-03 2.934487028372068096e-11
7.747921943664550781e-01 2.239174842834472656e-01 1.290348242036998272e-03 2.843728308388193682e-10
2.047125995159149170e-01 7.935189604759216309e-01 1.768410671502351761e-03 2.794343575973634586e-11
6.056461334228515625e-01 3.915924429893493652e-01 2.761353272944688797e-03 4.955142962614900171e-10
1.301031112670898438e-01 8.661525845527648926e-01 3.744291840121150017e-03 1.527994814010114055e-10
4.598272442817687988e-01 5.349933505058288574e-01 5.179407540708780289e-03 1.170843311193436875e-09
1.048720255494117737e-01 8.889142274856567383e-01 6.213752087205648422e-03 6.957467935109207247e-10
3.115525841712951660e-01 6.797293424606323242e-01 8.718023076653480530e-03 4.502188843957810604e-09
6.103696674108505249e-02 9.279861450195312500e-01 1.097686123102903366e-02 5.121229218474354639e-09
1.794638335704803467e-01 8.057219386100769043e-01 1.481423992663621902e-02 1.362317014752534305e-08
3.597952052950859070e-02 9.234415888786315918e-01 4.057881981134414673e-02 5.969675953565456439e-08
1.823443025350570679e-01 7.876535654067993164e-01 3.000211901962757111e-02 7.935589252383579151e-08
4.816623032093048096e-02 8.524451851844787598e-01 9.938805550336837769e-02 5.203348223403736483e-07
1.765327900648117065e-01 6.948813199996948242e-01 1.285845041275024414e-01 1.402454131493868772e-06
3.826868906617164612e-02 3.819325268268585205e-01 5.797658562660217285e-01 3.295507849543355405e-05
1.114634051918983459e-01 4.979670643806457520e-01 3.905468583106994629e-01 2.270316872454714030e-05
7.796006742864847183e-03 1.838985085487365723e-01 8.078989386558532715e-01 4.064928507432341576e-04
1.335413847118616104e-02 1.691939383745193481e-01 8.168493509292602539e-01 6.025208858773112297e-04
8.867052965797483921e-04 1.338865421712398529e-02 9.675700664520263672e-01 1.815454661846160889e-02
1.263831858523190022e-03 1.516855135560035706e-02 9.478157162666320801e-01 3.575190901756286621e-02
2.632218180224299431e-03 4.046636074781417847e-02 9.477707743644714355e-01 9.130681864917278290e-03
3.374707652255892754e-03 3.576540946960449219e-02 9.447450041770935059e-01 1.611495390534400940e-02
5.005165585316717625e-04 5.530094262212514877e-03 5.965537428855895996e-01 3.974156677722930908e-01
1.129570067860186100e-03 1.472675986588001251e-02 9.652341604232788086e-01 1.890950649976730347e-02
5.661847535520792007e-04 6.359406746923923492e-03 5.903017520904541016e-01 4.027726948261260986e-01
1.253812457434833050e-03 1.639219187200069427e-02 9.571430087089538574e-01 2.521103248000144958e-02
6.421227008104324341e-04 7.292188238352537155e-03 5.737752914428710938e-01 4.182903766632080078e-01
1.423564273864030838e-03 1.774239167571067810e-02 9.374599456787109375e-01 4.337421432137489319e-02
4.750495718326419592e-04 4.891762044280767441e-03 3.559090495109558105e-01 6.387241482734680176e-01
1.597518101334571838e-03 1.755268499255180359e-02 8.845185041427612305e-01 9.633132070302963257e-02
3.009202482644468546e-04 2.745731268078088760e-03 1.931152939796447754e-01 8.038380742073059082e-01
1.661065383814275265e-03 1.653066650032997131e-02 8.250437974929809570e-01 1.567645072937011719e-01
3.390007186681032181e-04 3.036326495930552483e-03 2.006248235702514648e-01 7.959998846054077148e-01
1.747669186443090439e-03 1.705670170485973358e-02 8.171495199203491211e-01 1.640460640192031860e-01
4.404876381158828735e-04 3.953198436647653580e-03 2.493794411420822144e-01 7.462269067764282227e-01
1.785162021405994892e-03 1.681010797619819641e-02 7.925493121147155762e-01 1.888553947210311890e-01
4.607810406014323235e-04 4.068787675350904465e-03 2.589118778705596924e-01 7.365585565567016602e-01
1.741159358061850071e-03 1.574445143342018127e-02 7.263609766960144043e-01 2.561534345149993896e-01
8.415353950113058090e-04 8.146176114678382874e-03 4.734788537025451660e-01 5.175334215164184570e-01
1.515383133664727211e-03 1.308440044522285461e-02 5.885997414588928223e-01 3.968005478382110596e-01
1.462979940697550774e-03 1.790791936218738556e-02 8.067920804023742676e-01 1.738369017839431763e-01
1.809933572076261044e-03 1.775171980261802673e-02 6.563352942466735840e-01 3.241030871868133545e-01
1.770987408235669136e-03 2.591852471232414246e-02 9.021908044815063477e-01 7.011968642473220825e-02
2.300540450960397720e-03 2.571007795631885529e-02 7.604802250862121582e-01 2.115091234445571899e-01
1.854951609857380390e-03 2.761484123766422272e-02 8.931970000267028809e-01 7.733328640460968018e-02
2.285437658429145813e-03 2.515860088169574738e-02 7.016854882240295410e-01 2.708704769611358643e-01
1.876816735602915287e-03 2.548841945827007294e-02 8.707984685897827148e-01 1.018363162875175476e-01
1.898337155580520630e-03 1.884966716170310974e-02 5.747530460357666016e-01 4.044989645481109619e-01
1.923885429278016090e-03 2.484337240457534790e-02 8.755711317062377930e-01 9.766159951686859131e-02
1.671254518441855907e-03 1.518021803349256516e-02 4.913249015808105469e-01 4.918235838413238525e-01
1.987884286791086197e-03 2.397507987916469574e-02 8.768591284751892090e-01 9.717787057161331177e-02
1.709207892417907715e-03 1.416417583823204041e-02 4.932262301445007324e-01 4.909004271030426025e-01
1.984363188967108727e-03 2.300691977143287659e-02 8.910448551177978516e-01 8.396383374929428101e-02
1.902107498608529568e-03 1.520944200456142426e-02 5.516371726989746094e-01 4.312512874603271484e-01
1.979763153940439224e-03 2.266989834606647491e-02 9.077243804931640625e-01 6.762597709894180298e-02
2.168748527765274048e-03 1.762601733207702637e-02 6.376781463623046875e-01 3.425270915031433105e-01
2.100574318319559097e-03 2.410407923161983490e-02 8.946937918663024902e-01 7.910149544477462769e-02
2.523394534364342690e-03 2.145474404096603394e-02 7.159207463264465332e-01 2.601011395454406738e-01
2.074787160381674767e-03 2.165577746927738190e-02 8.073245882987976074e-01 1.689448952674865723e-01
3.020394360646605492e-03 2.671170607209205627e-02 7.906392216682434082e-01 1.796286553144454956e-01
1.922025112435221672e-03 1.816392317414283752e-02 6.790719628334045410e-01 3.008420467376708984e-01
3.320316085591912270e-03 2.973235584795475006e-02 8.599962592124938965e-01 1.069510728120803833e-01
1.200693892315030098e-03 9.140462614595890045e-03 4.040712118148803711e-01 5.855876803398132324e-01
3.308693412691354752e-03 2.839321643114089966e-02 8.944504261016845703e-01 7.384758442640304565e-02
5.822212551720440388e-04 3.803296480327844620e-03 1.954666376113891602e-01 8.001478910446166992e-01
3.263802500441670418e-03 2.815315872430801392e-02 9.238436818122863770e-01 4.473924264311790466e-02
4.730157670564949512e-04 2.914361655712127686e-03 1.593857854604721069e-01 8.372268676757812500e-01
3.474645083770155907e-03 2.965497039258480072e-02 9.250622391700744629e-01 4.180821776390075684e-02
8.180341101251542568e-04 5.650823004543781281e-03 2.849179208278656006e-01 7.086132168769836426e-01
3.553452668711543083e-03 2.891804277896881104e-02 8.743773698806762695e-01 9.315111488103866577e-02
1.338359550572931767e-03 1.055278256535530090e-02 4.609732329845428467e-01 5.271356105804443359e-01
3.339706687256693840e-03 2.560418099164962769e-02 7.606449723243713379e-01 2.104111611843109131e-01
1.572672161273658276e-03 1.287036854773759842e-02 5.304459929466247559e-01 4.551108777523040771e-01
2.756047062575817108e-03 1.975500024855136871e-02 6.070099472999572754e-01 3.704789280891418457e-01
1.573087298311293125e-03 1.265856251120567322e-02 5.083259940147399902e-01 4.774423539638519287e-01
2.832583151757717133e-03 2.033455856144428253e-02 6.263377666473388672e-01 3.504950702190399170e-01
1.362101989798247814e-03 1.012843847274780273e-02 4.204069674015045166e-01 5.681024789810180664e-01
3.139068838208913803e-03 2.324093878269195557e-02 7.288687229156494141e-01 2.447512149810791016e-01
1.151180244050920010e-03 8.024923503398895264e-03 3.649735748767852783e-01 6.258503794670104980e-01
3.176586469635367393e-03 2.370725199580192566e-02 7.831375598907470703e-01 1.899785995483398438e-01
1.044214470311999321e-03 6.929322611540555954e-03 3.476871252059936523e-01 6.443393826484680176e-01
3.030539955943822861e-03 2.164263091981410980e-02 7.819574475288391113e-01 1.933694481849670410e-01
1.038078335113823414e-03 6.739818956702947617e-03 3.763377666473388672e-01 6.158843040466308594e-01
2.629882656037807465e-03 1.769678108394145966e-02 7.053624391555786133e-01 2.743109762668609619e-01
1.307390397414565086e-03 8.929033763706684113e-03 5.234626531600952148e-01 4.663009345531463623e-01
1.938470290042459965e-03 1.216171029955148697e-02 5.333995223045349121e-01 4.525002539157867432e-01
1.611439860425889492e-03 1.214134320616722107e-02 6.787298321723937988e-01 3.075173795223236084e-01
1.445564441382884979e-03 8.868254721164703369e-03 4.009487628936767578e-01 5.887374281883239746e-01
1.888106344267725945e-03 1.615675352513790131e-02 7.927701473236083984e-01 1.891849637031555176e-01
1.809995505027472973e-03 1.218658033758401871e-02 4.879663884639739990e-01 4.980370402336120605e-01
2.070807851850986481e-03 1.956760883331298828e-02 8.574677705764770508e-01 1.208937466144561768e-01
2.228606026619672775e-03 1.610009744763374329e-02 5.891535878181457520e-01 3.925176262855529785e-01
1.733779441565275192e-03 1.434281095862388611e-02 7.223916649818420410e-01 2.615316808223724365e-01
1.838688040152192116e-03 1.257571391761302948e-02 5.058261752128601074e-01 4.797594845294952393e-01
1.463546883314847946e-03 1.084440667182207108e-02 5.981179475784301758e-01 3.895741105079650879e-01
2.015883801504969597e-03 1.338081993162631989e-02 5.682134628295898438e-01 4.163898527622222900e-01
1.381273614242672920e-03 9.797536768019199371e-03 5.625643134117126465e-01 4.262568950653076172e-01
2.216721884906291962e-03 1.446837559342384338e-02 6.524980664253234863e-01 3.308168053627014160e-01
1.522330217994749546e-03 1.092577911913394928e-02 6.660044789314270020e-01 3.215474486351013184e-01
2.375427633523941040e-03 1.580315642058849335e-02 7.664560675621032715e-01 2.153653055429458618e-01
1.508114393800497055e-03 1.106312870979309082e-02 7.360726594924926758e-01 2.513561546802520752e-01
2.476091263815760612e-03 1.750525087118148804e-02 8.710623383522033691e-01 1.089562848210334778e-01
1.301823183894157410e-03 9.114004671573638916e-03 6.535661816596984863e-01 3.360179662704467773e-01
2.250900259241461754e-03 1.590964011847972870e-02 8.762349486351013184e-01 1.056046113371849060e-01
6.897439016029238701e-04 4.404773004353046417e-03 3.424834609031677246e-01 6.524220705032348633e-01
2.172772306948900223e-03 1.567595824599266052e-02 8.610270023345947266e-01 1.211243271827697754e-01
3.691797319334000349e-04 2.234852174296975136e-03 1.696527600288391113e-01 8.277432322502136230e-01
2.501592738553881645e-03 1.957627199590206146e-02 9.147475361824035645e-01 6.317459046840667725e-02
4.411158151924610138e-04 2.746898680925369263e-03 1.910780370235443115e-01 8.057339191436767578e-01
2.745903562754392624e-03 2.252437546849250793e-02 9.373162388801574707e-01 3.741347044706344604e-02
3.933648695237934589e-04 2.342432970181107521e-03 1.706593483686447144e-01 8.266047835350036621e-01
2.828010590746998787e-03 2.350448817014694214e-02 9.454297423362731934e-01 2.823774330317974091e-02
4.766821220982819796e-04 2.815995365381240845e-03 2.074568271636962891e-01 7.892504930496215820e-01
2.892747521400451660e-03 2.387085929512977600e-02 9.480193257331848145e-01 2.521705254912376404e-02
4.027063841931521893e-04 2.279548440128564835e-03 1.796204596757888794e-01 8.176973462104797363e-01
2.548474818468093872e-03 1.984757930040359497e-02 9.430652856826782227e-01 3.453864529728889465e-02
4.670524795074015856e-04 2.774631837382912636e-03 2.336678802967071533e-01 7.630904316902160645e-01
2.273638499900698662e-03 1.657639071345329285e-02 9.092299938201904297e-01 7.192004472017288208e-02
6.599657936021685600e-04 4.053826443850994110e-03 3.616298437118530273e-01 6.336563825607299805e-01
2.007363131269812584e-03 1.321506313979625702e-02 8.170082569122314453e-01 1.677692979574203491e-01
8.296673768199980259e-04 5.462752189487218857e-03 4.930903613567352295e-01 5.006172060966491699e-01
1.524950726889073849e-03 9.468639269471168518e-03 6.493488550186157227e-01 3.396574854850769043e-01
9.486424387432634830e-04 6.593470927327871323e-03 5.817158818244934082e-01 4.107419550418853760e-01
1.552877598442137241e-03 1.004407554864883423e-02 6.480995416641235352e-01 3.403034806251525879e-01
1.160978339612483978e-03 8.899743668735027313e-03 7.131687402725219727e-01 2.767705023288726807e-01
1.742076943628489971e-03 1.205350738018751144e-02 7.158499956130981445e-01 2.703544497489929199e-01
1.142661669291555882e-03 8.644771762192249298e-03 6.953504085540771484e-01 2.948621511459350586e-01
1.768097630701959133e-03 1.236811559647321701e-02 7.385578751564025879e-01 2.473059445619583130e-01
1.101220259442925453e-03 8.443671278655529022e-03 6.940804123878479004e-01 2.963746786117553711e-01
1.685477327555418015e-03 1.182255055755376816e-02 7.301598787307739258e-01 2.563320994377136230e-01
1.082456903532147408e-03 8.062819018959999084e-03 6.834412813186645508e-01 3.074134588241577148e-01
1.522517413832247257e-03 1.017263252288103104e-02 6.568985581398010254e-01 3.314062356948852539e-01
9.849420748651027679e-04 7.186003029346466064e-03 6.337832212448120117e-01 3.580457866191864014e-01
1.157450140453875065e-03 7.230853661894798279e-03 4.894905388355255127e-01 5.021210908889770508e-01
9.073471301235258579e-04 6.590928882360458374e-03 5.781666040420532227e-01 4.143351316452026367e-01
1.342774950899183750e-03 8.456839248538017273e-03 5.659481287002563477e-01 4.242521822452545166e-01
1.083173090592026711e-03 8.204221725463867188e-03 6.675264239311218262e-01 3.231861293315887451e-01
2.008917508646845818e-03 1.462787482887506485e-02 8.697103857994079590e-01 1.136527732014656067e-01
1.253193826414644718e-03 9.773081168532371521e-03 7.210952043533325195e-01 2.678785324096679688e-01
2.398038748651742935e-03 2.058332040905952454e-02 9.503359794616699219e-01 2.668275684118270874e-02
1.495257602073252201e-03 1.224534213542938232e-02 8.024950027465820312e-01 1.837643682956695557e-01
2.865452785044908524e-03 2.674647606909275055e-02 9.557259082794189453e-01 1.466220710426568985e-02
1.492503914050757885e-03 1.213260646909475327e-02 8.100145459175109863e-01 1.763603091239929199e-01
2.982060424983501434e-03 2.776568382978439331e-02 9.578745961189270020e-01 1.137768849730491638e-02
1.325883553363382816e-03 1.026348210871219635e-02 7.614973187446594238e-01 2.269132733345031738e-01
3.078194800764322281e-03 2.996902354061603546e-02 9.593282341957092285e-01 7.624500431120395660e-03
1.218704623170197010e-03 9.189628995954990387e-03 7.370032668113708496e-01 2.525883615016937256e-01
3.141633933410048485e-03 3.169104084372520447e-02 9.586255550384521484e-01 6.541804410517215729e-03
1.227551256306469440e-03 9.838041849434375763e-03 7.544769048690795898e-01 2.344575077295303345e-01
3.616803791373968124e-03 3.819293901324272156e-02 9.518873095512390137e-01 6.302847992628812790e-03
1.107623684220016003e-03 8.758683688938617706e-03 6.334310173988342285e-01 3.567026555538177490e-01
4.054638557136058807e-03 4.203595593571662903e-02 9.464224576950073242e-01 7.486856542527675629e-03
7.155467756092548370e-04 5.027639213949441910e-03 3.728945851325988770e-01 6.213622689247131348e-01
3.374437103047966957e-03 3.114899061620235443e-02 9.513164758682250977e-01 1.416004914790391922e-02
4.769788647536188364e-04 3.121766727417707443e-03 2.249846160411834717e-01 7.714166045188903809e-01
2.845797454938292503e-03 2.482853084802627563e-02 9.494409561157226562e-01 2.288478799164295197e-02
4.534935869742184877e-04 2.999425400048494339e-03 2.105494588613510132e-01 7.859975695610046387e-01
2.553600817918777466e-03 2.156854793429374695e-02 9.364521503448486328e-01 3.942571207880973816e-02
6.364446599036455154e-04 4.609728232026100159e-03 3.033752739429473877e-01 6.913785338401794434e-01
2.486810553818941116e-03 1.997591182589530945e-02 8.903675675392150879e-01 8.716964721679687500e-02
7.293720846064388752e-04 5.402568262070417404e-03 3.433689475059509277e-01 6.504991054534912109e-01
2.241978421807289124e-03 1.629867404699325562e-02 7.515702247619628906e-01 2.298891693353652954e-01
6.541605689562857151e-04 4.727799445390701294e-03 3.109423518180847168e-01 6.836757063865661621e-01
1.496742246672511101e-03 9.582768194377422333e-03 4.762443900108337402e-01 5.126760601997375488e-01
7.527623674832284451e-04 5.436742678284645081e-03 3.500285744667053223e-01 6.437819004058837891e-01
1.774852047674357891e-03 1.134293153882026672e-02 5.604147315025329590e-01 4.264675080776214600e-01
1.120827975682914257e-03 8.578415028750896454e-03 5.024237632751464844e-01 4.878770112991333008e-01
2.493192441761493683e-03 1.803397759795188904e-02 8.116702437400817871e-01 1.678025573492050171e-01
1.094469451345503330e-03 8.309678174555301666e-03 4.792472124099731445e-01 5.113486647605895996e-01
2.544425195083022118e-03 1.921615004539489746e-02 8.633396029472351074e-01 1.148997768759727478e-01
6.020750734023749828e-04 4.185361322015523911e-03 2.651875615119934082e-01 7.300249934196472168e-01
2.347195520997047424e-03 1.726341806352138519e-02 8.447813391685485840e-01 1.356079578399658203e-01
3.224350512027740479e-04 2.082134597003459930e-03 1.456175297498703003e-01 8.519778251647949219e-01
2.319577615708112717e-03 1.767071709036827087e-02 8.684893846511840820e-01 1.115203350782394409e-01
3.409158962313085794e-04 2.291011158376932144e-03 1.587816774845123291e-01 8.385863900184631348e-01
2.427608007565140724e-03 1.897179149091243744e-02 8.617656826972961426e-01 1.168349087238311768e-01
4.161721444688737392e-04 2.899188781157135963e-03 1.905525326728820801e-01 8.061320781707763672e-01
2.565068891271948814e-03 1.964241825044155121e-02 8.326944708824157715e-01 1.450980901718139648e-01
3.632433945313096046e-04 2.435338916257023811e-03 1.619479209184646606e-01 8.352535367012023926e-01
2.470052102580666542e-03 1.812836155295372009e-02 7.880653142929077148e-01 1.913362741470336914e-01
4.233593936078250408e-04 2.831683959811925888e-03 1.869739145040512085e-01 8.097710609436035156e-01
2.293541561812162399e-03 1.644087769091129303e-02 7.676723003387451172e-01 2.135932743549346924e-01
4.783283802680671215e-04 3.248081076890230179e-03 2.158225774765014648e-01 7.804510593414306641e-01
2.143068471923470497e-03 1.556123048067092896e-02 7.659046053886413574e-01 2.163910865783691406e-01
4.965529660694301128e-04 3.462693886831402779e-03 2.376502603292465210e-01 7.583904862403869629e-01
1.987561583518981934e-03 1.460099406540393829e-02 7.437901496887207031e-01 2.396212965250015259e-01
6.811268976889550686e-04 5.023629870265722275e-03 3.466263711452484131e-01 6.476688385009765625e-01
1.759823877364397049e-03 1.260916981846094131e-02 6.547896265983581543e-01 3.308414518833160400e-01
7.627641898579895496e-04 5.790631286799907684e-03 4.028873145580291748e-01 5.905593037605285645e-01
1.453098491765558720e-03 1.000604312866926193e-02 5.277447700500488281e-01 4.607961177825927734e-01
6.042360910214483738e-04 4.354102537035942078e-03 3.201251924037933350e-01 6.749164462089538574e-01
1.231881557032465935e-03 8.042282424867153168e-03 4.489105343818664551e-01 5.418152809143066406e-01
6.238074274733662605e-04 4.385648295283317566e-03 3.226574659347534180e-01 6.723330616950988770e-01
1.414421130903065205e-03 9.327170439064502716e-03 5.297813415527343750e-01 4.594770073890686035e-01
5.813172319903969765e-04 4.022412002086639404e-03 2.934555113315582275e-01 7.019407749176025391e-01
1.541389850899577141e-03 1.059743016958236694e-02 6.074795722961425781e-01 3.803815543651580811e-01
4.353788972366601229e-04 2.928982488811016083e-03 2.215336412191390991e-01 7.751020193099975586e-01
1.532344962470233440e-03 1.076346728950738907e-02 6.283315420150756836e-01 3.593726158142089844e-01
3.463274333626031876e-04 2.327718306332826614e-03 1.854555606842041016e-01 8.118703365325927734e-01
1.492885639891028404e-03 1.057758741080760956e-02 6.289936900138854980e-01 3.589358031749725342e-01
4.219018155708909035e-04 2.937871962785720825e-03 2.336804568767547607e-01 7.629597187042236328e-01
1.391050755046308041e-03 9.757963009178638458e-03 5.875944495201110840e-01 4.012565016746520996e-01
4.394348943606019020e-04 3.102110931649804115e-03 2.492847591638565063e-01 7.471736669540405273e-01
1.393156242556869984e-03 9.810728952288627625e-03 5.727084875106811523e-01 4.160876572132110596e-01
4.074213502462953329e-04 2.800760092213749886e-03 2.307135611772537231e-01 7.660782337188720703e-01
1.445956411771476269e-03 1.011926494538784027e-02 5.992911458015441895e-01 3.891435861587524414e-01
4.933007294312119484e-04 3.429281990975141525e-03 2.803506255149841309e-01 7.157267928123474121e-01
1.542237470857799053e-03 1.093898992985486984e-02 6.636314392089843750e-01 3.238873779773712158e-01
4.423306672833859921e-04 3.038026159629225731e-03 2.554269433021545410e-01 7.410927414894104004e-01
1.462682615965604782e-03 1.042921468615531921e-02 6.710362434387207031e-01 3.170719146728515625e-01
3.325879806652665138e-04 2.247522585093975067e-03 1.988580226898193359e-01 7.985618710517883301e-01
1.299431663937866688e-03 9.333522059023380280e-03 6.220562458038330078e-01 3.673107624053955078e-01
2.842645335476845503e-04 1.954475417733192444e-03 1.754293739795684814e-01 8.223319053649902344e-01
1.306687947362661362e-03 9.655858390033245087e-03 6.311109662055969238e-01 3.579265177249908447e-01
2.819785440806299448e-04 1.970629440620541573e-03 1.709407120943069458e-01 8.268067240715026855e-01
1.397229149006307125e-03 1.031759008765220642e-02 6.435135602951049805e-01 3.447716236114501953e-01
3.774391952902078629e-04 2.697846619412302971e-03 2.257645279169082642e-01 7.711601853370666504e-01
1.560937147587537766e-03 1.158845704048871994e-02 7.209432125091552734e-01 2.659074068069458008e-01
8.285326184704899788e-04 6.637692451477050781e-03 4.945519566535949707e-01 4.979817867279052734e-01
1.819806522689759731e-03 1.523131504654884338e-02 8.835661411285400391e-01 9.938275814056396484e-02
1.134153222665190697e-03 9.948500432074069977e-03 7.057043313980102539e-01 2.832130193710327148e-01
1.803132821805775166e-03 1.673314161598682404e-02 9.446344375610351562e-01 3.682925924658775330e-02
1.143413246609270573e-03 1.055934932082891464e-02 7.770110368728637695e-01 2.112862318754196167e-01
1.656032982282340527e-03 1.630333624780178070e-02 9.602742195129394531e-01 2.176632732152938843e-02
9.276689379476010799e-04 8.208778686821460724e-03 7.033719420433044434e-01 2.874915301799774170e-01
1.690827542915940285e-03 1.827948167920112610e-02 9.659893512725830078e-01 1.404032483696937561e-02
8.292256970889866352e-04 7.459750864654779434e-03 6.831587553024291992e-01 3.085522651672363281e-01
1.602833741344511509e-03 1.784576661884784698e-02 9.672927856445312500e-01 1.325856614857912064e-02
7.548797293566167355e-04 6.874612066894769669e-03 6.428666710853576660e-01 3.495038747787475586e-01
1.563085708767175674e-03 1.739350333809852600e-02 9.657502174377441406e-01 1.529316604137420654e-02
6.556153530254960060e-04 5.857267417013645172e-03 5.590862035751342773e-01 4.344009160995483398e-01
1.520943595096468925e-03 1.617020927369594574e-02 9.588845968246459961e-01 2.342429943382740021e-02
6.365921581164002419e-04 5.661794915795326233e-03 5.208305120468139648e-01 4.728710353374481201e-01
1.532196649350225925e-03 1.567704044282436371e-02 9.407817125320434570e-01 4.200902581214904785e-02
7.972995517775416374e-04 7.700817659497261047e-03 6.545845270156860352e-01 3.369173407554626465e-01
1.537009375169873238e-03 1.613234728574752808e-02 9.347258210182189941e-01 4.760480672121047974e-02
9.061450255103409290e-04 9.628718718886375427e-03 7.433397769927978516e-01 2.461253702640533447e-01
1.535821589641273022e-03 1.609632559120655060e-02 9.233430624008178711e-01 5.902468785643577576e-02
9.282880346290767193e-04 9.575249627232551575e-03 7.477911114692687988e-01 2.417053133249282837e-01
1.491809845902025700e-03 1.418559998273849487e-02 8.665655851364135742e-01 1.177569329738616943e-01
8.098364924080669880e-04 7.641529198735952377e-03 6.665680408477783203e-01 3.249805569648742676e-01
1.111952937208116055e-03 8.979982696473598480e-03 6.390651464462280273e-01 3.508428633213043213e-01
8.348138653673231602e-04 7.468575146049261093e-03 7.065847516059875488e-01 2.851119339466094971e-01
8.277919841930270195e-04 5.887547973543405533e-03 4.676198959350585938e-01 5.256648063659667969e-01
9.288939181715250015e-04 8.313856087625026703e-03 8.088821768760681152e-01 1.818751245737075806e-01
1.167045906186103821e-03 8.705754764378070831e-03 7.008001208305358887e-01 2.893271148204803467e-01
8.863097173161804676e-04 7.535967975854873657e-03 7.580304741859436035e-01 2.335471659898757935e-01
1.256529358215630054e-03 9.538395330309867859e-03 7.750321030616760254e-01 2.141729146242141724e-01
7.729856297373771667e-04 6.202129647135734558e-03 6.333569884300231934e-01 3.596679270267486572e-01
1.182472333312034607e-03 8.766236715018749237e-03 7.293388247489929199e-01 2.607124149799346924e-01
5.304783699102699757e-04 3.979566972702741623e-03 4.209870696067810059e-01 5.745028257369995117e-01
1.032369676977396011e-03 7.430669851601123810e-03 6.371285915374755859e-01 3.544082939624786377e-01
3.759965475182980299e-04 2.725192112848162651e-03 2.950551211833953857e-01 7.018436789512634277e-01
9.400520357303321362e-04 6.753661204129457474e-03 5.916033387184143066e-01 4.007029533386230469e-01
3.044677141588181257e-04 2.170272869989275932e-03 2.359910458326339722e-01 7.615342140197753906e-01
9.528133086860179901e-04 6.960710976272821426e-03 6.044099926948547363e-01 3.876764774322509766e-01
3.111201513092964888e-04 2.240661066025495529e-03 2.381989806890487671e-01 7.592492699623107910e-01
1.093577244319021702e-03 8.328781463205814362e-03 6.993023157119750977e-01 2.912753522396087646e-01
2.947775647044181824e-04 2.119200769811868668e-03 2.231025248765945435e-01 7.744835615158081055e-01
1.254736213013529778e-03 1.014051493257284164e-02 8.159602880477905273e-01 1.726443916559219360e-01
3.129732212983071804e-04 2.254285383969545364e-03 2.351632118225097656e-01 7.622695565223693848e-01
1.336162327788770199e-03 1.120415329933166504e-02 8.751205205917358398e-01 1.123391464352607727e-01
3.741946129593998194e-04 2.772516570985317230e-03 2.840746641159057617e-01 7.127786874771118164e-01
1.369823818095028400e-03 1.191977411508560181e-02 9.100166559219360352e-01 7.669377326965332031e-02
4.294264072086662054e-04 3.255629679188132286e-03 3.286521732807159424e-01 6.676628589630126953e-01
1.384468283504247665e-03 1.234698202461004257e-02 9.289152026176452637e-01 5.735334753990173340e-02
5.029315361753106117e-04 3.951504360884428024e-03 3.933859467506408691e-01 6.021596789360046387e-01
1.400267938151955605e-03 1.279813703149557114e-02 9.412999153137207031e-01 4.450167715549468994e-02
5.722899804823100567e-04 4.613702185451984406e-03 4.548951089382171631e-01 5.399188399314880371e-01
1.383594004437327385e-03 1.294445991516113281e-02 9.500044584274291992e-01 3.566743060946464539e-02
6.440115976147353649e-04 5.384024232625961304e-03 5.319454073905944824e-01 4.620265364646911621e-01
1.377917709760367870e-03 1.332870684564113617e-02 9.588962197303771973e-01 2.639725990593433380e-02
6.992631824687123299e-04 6.026272661983966827e-03 5.976021289825439453e-01 3.956723511219024658e-01
1.379097811877727509e-03 1.358786225318908691e-02 9.635582566261291504e-01 2.147485874593257904e-02
7.211787742562592030e-04 6.342462264001369476e-03 6.340303421020507812e-01 3.589060306549072266e-01
1.354306354187428951e-03 1.349620986729860306e-02 9.643462896347045898e-01 2.080317214131355286e-02
7.018749602138996124e-04 6.284505594521760941e-03 6.380222439765930176e-01 3.549914062023162842e-01
1.315741101279854774e-03 1.319818664342164993e-02 9.631462693214416504e-01 2.233984321355819702e-02
6.565959774889051914e-04 5.927702412009239197e-03 6.001418828964233398e-01 3.932738602161407471e-01
1.294335932470858097e-03 1.286002434790134430e-02 9.563766121864318848e-01 2.946909330785274506e-02
5.557871772907674313e-04 4.933273419737815857e-03 5.135030150413513184e-01 4.810078740119934082e-01
1.275000860914587975e-03 1.251080352813005447e-02 9.431238770484924316e-01 4.309022426605224609e-02
4.495255125220865011e-04 3.931669518351554871e-03 4.129595160484313965e-01 5.826593041419982910e-01
1.240044133737683296e-03 1.189214643090963364e-02 9.167677164077758789e-01 7.010014355182647705e-02
3.584288351703435183e-04 3.045130055397748947e-03 3.256700634956359863e-01 6.709264516830444336e-01
1.197656383737921715e-03 1.109974831342697144e-02 8.753025531768798828e-01 1.124000772833824158e-01
2.908290189225226641e-04 2.447479171678423882e-03 2.668837606906890869e-01 7.303779125213623047e-01
1.108263269998133183e-03 9.924971498548984528e-03 8.141224384307861328e-01 1.748442798852920532e-01
2.501765557099133730e-04 2.054399112239480019e-03 2.286350727081298828e-01 7.690603733062744141e-01
1.034319517202675343e-03 8.952492848038673401e-03 7.498229742050170898e-01 2.401901632547378540e-01
1.998701336560770869e-04 1.605161116458475590e-03 1.825800687074661255e-01 8.156148791313171387e-01
9.185172966681420803e-04 7.725291885435581207e-03 6.665737628936767578e-01 3.247824907302856445e-01
1.614524226170033216e-04 1.268618041649460793e-03 1.459786444902420044e-01 8.525912761688232422e-01
8.442384423688054085e-04 6.933868397027254105e-03 6.066297888755798340e-01 3.855921030044555664e-01
1.448068796889856458e-04 1.126590301282703876e-03 1.306057572364807129e-01 8.681228756904602051e-01
7.564091356471180916e-04 6.051085889339447021e-03 5.382496714591979980e-01 4.549428820610046387e-01
1.468326518079265952e-04 1.147696864791214466e-03 1.322812288999557495e-01 8.664242625236511230e-01
6.487967912107706070e-04 5.059440154582262039e-03 4.619066715240478516e-01 5.323851108551025391e-01
1.509408466517925262e-04 1.195502816699445248e-03 1.366312056779861450e-01 8.620222806930541992e-01
6.046177586540579796e-04 4.704251885414123535e-03 4.336151182651519775e-01 5.610761046409606934e-01
1.536680792924016714e-04 1.239526085555553436e-03 1.389367580413818359e-01 8.596700429916381836e-01
6.080906605347990990e-04 4.802884534001350403e-03 4.419355392456054688e-01 5.526534318923950195e-01
1.620320254005491734e-04 1.344752032309770584e-03 1.469619125127792358e-01 8.515313267707824707e-01
6.753515335731208324e-04 5.567451473325490952e-03 4.976665675640106201e-01 4.960906207561492920e-01
2.065361040877178311e-04 1.809850917197763920e-03 1.896993517875671387e-01 8.082842826843261719e-01
7.979137590155005455e-04 7.048057857900857925e-03 6.084579229354858398e-01 3.836960792541503906e-01
5.022364202886819839e-04 5.275793373584747314e-03 5.014613866806030273e-01 4.927605390548706055e-01
1.007821527309715748e-03 1.040092390030622482e-02 8.311873078346252441e-01 1.574039310216903687e-01
7.720937137492001057e-04 1.031693350523710251e-02 8.589962124824523926e-01 1.299147307872772217e-01
1.026293612085282803e-03 1.335445232689380646e-02 9.546040892601013184e-01 3.101525828242301941e-02
7.770626107230782509e-04 1.355020981281995773e-02 9.620820283889770508e-01 2.359061501920223236e-02
1.164358574897050858e-03 2.012654207646846771e-02 9.713326096534729004e-01 7.376577705144882202e-03
8.411010494455695152e-04 1.879680156707763672e-02 9.724426269531250000e-01 7.919493131339550018e-03
1.512843882665038109e-03 3.521712869405746460e-02 9.606913328170776367e-01 2.578767715021967888e-03
1.035249209962785244e-03 3.076460584998130798e-02 9.648807644844055176e-01 3.319342155009508133e-03
1.865160418674349785e-03 6.008525192737579346e-02 9.369984865188598633e-01 1.051053521223366261e-03
1.252623274922370911e-03 5.040786415338516235e-02 9.468851685523986816e-01 1.454261480830609798e-03
2.185011748224496841e-03 8.962398022413253784e-02 9.076631069183349609e-01 5.278973840177059174e-04
1.419410109519958496e-03 7.439827173948287964e-02 9.233747124671936035e-01 8.076549274846911430e-04
2.438707510009407997e-03 1.186399981379508972e-01 8.785734772682189941e-01 3.478419093880802393e-04
1.489036483690142632e-03 9.168912470340728760e-02 9.062070250511169434e-01 6.148276734165847301e-04
2.792279236018657684e-03 1.587154269218444824e-01 8.382384777069091797e-01 2.537990221753716469e-04
1.485403976403176785e-03 1.010249629616737366e-01 8.968775868415832520e-01 6.121322512626647949e-04
2.991343848407268524e-03 1.854597628116607666e-01 8.113035559654235840e-01 2.452479384373873472e-04
1.417106483131647110e-03 9.750901907682418823e-02 9.003258943557739258e-01 7.479574996978044510e-04
3.229269525036215782e-03 2.139022797346115112e-01 7.826184630393981934e-01 2.499349066056311131e-04
1.286474289372563362e-03 8.066947758197784424e-02 9.168936014175415039e-01 1.150503871031105518e-03
2.898293081670999527e-03 1.997927427291870117e-01 7.969086766242980957e-01 4.003240901511162519e-04
1.009718514978885651e-03 5.860055610537528992e-02 9.380943775177001953e-01 2.295263577252626419e-03
2.262272173538804054e-03 1.473243236541748047e-01 8.494374155998229980e-01 9.760413668118417263e-04
7.081672665663063526e-04 3.746262937784194946e-02 9.552021026611328125e-01 6.627014838159084320e-03
1.456015277653932571e-03 8.401594310998916626e-02 9.113640785217285156e-01 3.163913730531930923e-03
5.933537613600492477e-04 2.624495513737201691e-02 9.056832790374755859e-01 6.747841835021972656e-02
1.004958990961313248e-03 5.086642503738403320e-02 9.365511536598205566e-01 1.157737616449594498e-02
3.292432229500263929e-04 1.202297396957874298e-02 5.341549515724182129e-01 4.534928202629089355e-01
7.858852623030543327e-04 3.123170696198940277e-02 8.569901585578918457e-01 1.109922155737876892e-01
8.730144327273592353e-05 2.691437024623155594e-03 1.424954980611801147e-01 8.547257781028747559e-01
4.320623411331325769e-04 1.401469670236110687e-02 5.010231137275695801e-01 4.845301806926727295e-01
3.058979928027838469e-05 8.601071895100176334e-04 4.946445301175117493e-02 9.496448636054992676e-01
1.721277367323637009e-04 4.860237706452608109e-03 2.050221860408782959e-01 7.899454832077026367e-01
1.628567952138837427e-05 4.374518466647714376e-04 2.577286586165428162e-02 9.737734198570251465e-01
1.018960538203828037e-04 2.720680786296725273e-03 1.190304979681968689e-01 8.781468868255615234e-01
1.151693140855059028e-05 2.982495061587542295e-04 1.783018000423908234e-02 9.818601012229919434e-01
7.200994150480255485e-05 1.837321091443300247e-03 8.342242240905761719e-02 9.146682024002075195e-01
1.020698709908174351e-05 2.604026813060045242e-04 1.573954895138740540e-02 9.839898347854614258e-01
6.872056110296398401e-05 1.742394873872399330e-03 7.801213115453720093e-02 9.201767444610595703e-01
1.047591740643838421e-05 2.671390830073505640e-04 1.588567160069942474e-02 9.838367104530334473e-01
6.454891263274475932e-05 1.640048576518893242e-03 7.312077283859252930e-02 9.251745939254760742e-01
1.097892527468502522e-05 2.831939491443336010e-04 1.665070280432701111e-02 9.830551147460937500e-01
5.598734423983842134e-05 1.411059172824025154e-03 6.375151872634887695e-02 9.347814321517944336e-01
1.108410469896625727e-05 2.873261983040720224e-04 1.684918999671936035e-02 9.828523993492126465e-01
5.209237133385613561e-05 1.297963433898985386e-03 5.906970053911209106e-02 9.395802021026611328e-01
1.162279568234225735e-05 2.984220918733626604e-04 1.726913079619407654e-02 9.824207425117492676e-01
5.039586903876625001e-05 1.229552319273352623e-03 5.649692565202713013e-02 9.422231316566467285e-01
1.168144626717548817e-05 2.968164626508951187e-04 1.752749457955360413e-02 9.821640253067016602e-01
4.687788896262645721e-05 1.134252524934709072e-03 5.280531197786331177e-02 9.460135698318481445e-01
1.211532071465626359e-05 3.141976194456219673e-04 1.825995929539203644e-02 9.814136624336242676e-01
4.544641706161201000e-05 1.112585072405636311e-03 5.144939944148063660e-02 9.473925828933715820e-01
1.213557970913825557e-05 3.157343307975679636e-04 1.829875446856021881e-02 9.813733696937561035e-01
4.631420233636163175e-05 1.140421722084283829e-03 5.247405171394348145e-02 9.463391900062561035e-01
1.397897540300618857e-05 3.712105099111795425e-04 2.125308848917484283e-02 9.783616662025451660e-01
4.152763722231611609e-05 1.007391721941530704e-03 4.733633622527122498e-02 9.516147971153259277e-01
1.832951602409593761e-05 4.962697275914251804e-04 2.805181220173835754e-02 9.714335799217224121e-01
5.085529119241982698e-05 1.277243718504905701e-03 5.767649412155151367e-02 9.409953951835632324e-01
3.031740197911858559e-05 8.591765072196722031e-04 4.696844518184661865e-02 9.521421194076538086e-01
9.297218639403581619e-05 2.493718406185507774e-03 1.053134500980377197e-01 8.920999169349670410e-01
8.081069245235994458e-05 2.579528139904141426e-03 1.228439956903457642e-01 8.744956254959106445e-01
2.515139640308916569e-04 7.541333790868520737e-03 2.745499610900878906e-01 7.176572084426879883e-01
3.495846467558294535e-04 1.335731986910104752e-02 4.816345870494842529e-01 5.046584606170654297e-01
7.230826304294168949e-04 2.565108425915241241e-02 6.901470422744750977e-01 2.834788262844085693e-01
9.305776329711079597e-04 5.123773589730262756e-02 9.269072413444519043e-01 2.092444710433483124e-02
1.338521367870271206e-03 6.547509878873825073e-02 9.213444590568542480e-01 1.184192299842834473e-02
3.076526103541254997e-03 2.752997875213623047e-01 7.210485339164733887e-01 5.751386634074151516e-04
4.056573379784822464e-03 2.902712225914001465e-01 7.050495743751525879e-01 6.226049736142158508e-04
5.223386920988559723e-03 7.718138694763183594e-01 2.229546606540679932e-01 8.115377568174153566e-06
6.464378442615270615e-03 7.434978485107421875e-01 2.500262558460235596e-01 1.149006220657611266e-05
4.188255406916141510e-03 9.540998339653015137e-01 4.171174392104148865e-02 8.727970168820320396e-08
5.134248174726963043e-03 9.350669384002685547e-01 5.979861319065093994e-02 2.114745711878640577e-07
3.209528513252735138e-03 9.832806587219238281e-01 1.350984349846839905e-02 3.973213758001747919e-09
3.657428314909338951e-03 9.785341024398803711e-01 1.780846156179904938e-02 7.971539872642097180e-09
2.891792217269539833e-03 9.870109558105468750e-01 1.009724568575620651e-02 1.337303268122980171e-09
2.969861496239900589e-03 9.877952337265014648e-01 9.234831668436527252e-03 8.785357996643483602e-10
2.791946055367588997e-03 9.892788529396057129e-01 7.929184474050998688e-03 4.212920845514389612e-10
3.307327162474393845e-03 9.885128736495971680e-01 8.179907687008380890e-03 4.365704187048180529e-10
3.518227720633149147e-03 9.873015880584716797e-01 9.180151857435703278e-03 6.299555321831462606e-10
4.883126355707645416e-03 9.840706586837768555e-01 1.104616373777389526e-02 1.300526686343062011e-09
6.457586772739887238e-03 9.747853279113769531e-01 1.875712908804416656e-02 8.652951244414452958e-09
7.872243411839008331e-03 9.778795838356018066e-01 1.424822025001049042e-02 5.612329712079144883e-09
1.063784584403038025e-02 9.676553606986999512e-01 2.170674502849578857e-02 5.291767379844714014e-08
1.297512836754322052e-02 9.719396233558654785e-01 1.508513186126947403e-02 2.562316936405295564e-08
2.177259698510169983e-02 9.587172269821166992e-01 1.950998976826667786e-02 2.000346626118698623e-07
2.486286312341690063e-02 9.590220451354980469e-01 1.611495576798915863e-02 9.846904447385895764e-08
4.784250259399414062e-02 9.390275478363037109e-01 1.312981825321912766e-02 7.598389117902115686e-08
5.202931910753250122e-02 9.352430105209350586e-01 1.272760890424251556e-02 5.085469467758230167e-08
1.152275130152702332e-01 8.724091053009033203e-01 1.236320659518241882e-02 7.010861224898690125e-08
1.114911437034606934e-01 8.764811158180236816e-01 1.202775631099939346e-02 3.031431461408828909e-08
2.372021675109863281e-01 7.514891028404235840e-01 1.130876224488019943e-02 3.402865900170581881e-08
1.890678554773330688e-01 7.968885302543640137e-01 1.404358725994825363e-02 3.257320457805690239e-08
2.348088026046752930e-01 7.492720484733581543e-01 1.591903902590274811e-02 7.100871357579308096e-08
2.151736915111541748e-01 7.727125287055969238e-01 1.211375184357166290e-02 1.415818751127062569e-08
2.148828208446502686e-01 7.708244323730468750e-01 1.429271511733531952e-02 4.091211636136904417e-08
2.324844449758529663e-01 7.587723731994628906e-01 8.743178099393844604e-03 5.567455829691425606e-09
2.050936669111251831e-01 7.807691693305969238e-01 1.413703896105289459e-02 6.755796988500151201e-08
3.008140027523040771e-01 6.916693449020385742e-01 7.516606710851192474e-03 8.064343859359723865e-09
2.507528960704803467e-01 7.346673011779785156e-01 1.457956433296203613e-02 2.591695817955042003e-07
3.896135389804840088e-01 6.047111749649047852e-01 5.675274413079023361e-03 2.060764892064526066e-08
4.351176917552947998e-01 5.541580915451049805e-01 1.072314754128456116e-02 1.058437874235096388e-06
5.634140968322753906e-01 4.312821030616760254e-01 5.303567741066217422e-03 2.610164813177107135e-07
5.917384624481201172e-01 4.018988013267517090e-01 6.361808627843856812e-03 8.895345331438875291e-07
6.807900071144104004e-01 3.151452541351318359e-01 4.064298700541257858e-03 4.092676135769579560e-07
7.071858644485473633e-01 2.900159955024719238e-01 2.798121189698576927e-03 6.210898817471388611e-08
7.426553964614868164e-01 2.545394003391265869e-01 2.805122407153248787e-03 9.678169021754001733e-08
7.516740560531616211e-01 2.460833638906478882e-01 2.242600312456488609e-03 1.562260365517431637e-08
7.749144434928894043e-01 2.223347425460815430e-01 2.750766696408390999e-03 3.876485976661570021e-08
7.464758157730102539e-01 2.514581680297851562e-01 2.066022250801324844e-03 1.799647986189256699e-09
7.728619575500488281e-01 2.246131002902984619e-01 2.524934010580182076e-03 4.309877343899870539e-09
7.309903502464294434e-01 2.672259509563446045e-01 1.783698447979986668e-03 3.127947900694039163e-10
7.944421172142028809e-01 2.034844458103179932e-01 2.073462819680571556e-03 9.667573408478347119e-10
7.780070900917053223e-01 2.206040024757385254e-01 1.388899167068302631e-03 9.599290112793923413e-11
8.556721210479736328e-01 1.429100483655929565e-01 1.417893799953162670e-03 3.336024512190505220e-10
8.386282324790954590e-01 1.600324064493179321e-01 1.339338836260139942e-03 1.398176574518572579e-10
9.289819002151489258e-01 7.018063217401504517e-02 8.374039316549897194e-04 2.937275700443109372e-10
8.642931580543518066e-01 1.336367875337600708e-01 2.070081187412142754e-03 1.325380472039228152e-09
9.457784891128540039e-01 5.318307131528854370e-02 1.038383692502975464e-03 2.165067902737405348e-09
8.849616646766662598e-01 1.115676909685134888e-01 3.470710944384336472e-03 3.194969266928637808e-08
9.451956152915954590e-01 5.310672149062156677e-02 1.697723753750324249e-03 3.556016281436313875e-08
8.748324513435363770e-01 1.195721030235290527e-01 5.595001392066478729e-03 5.296490144246490672e-07
9.222162365913391113e-01 7.426165044307708740e-02 3.521576058119535446e-03 5.996471941216441337e-07
8.584178686141967773e-01 1.341857910156250000e-01 7.393555250018835068e-03 2.715511300266371109e-06
9.225598573684692383e-01 7.421967387199401855e-02 3.219996113330125809e-03 4.412223404415271943e-07
9.047542214393615723e-01 9.222786873579025269e-02 3.017698414623737335e-03 1.960358702035591705e-07
9.577319025993347168e-01 4.094383493065834045e-02 1.324301818385720253e-03 4.383002760732779279e-08
9.385564327239990234e-01 6.017713621258735657e-02 1.266379491426050663e-03 1.035677943406199120e-08
9.703332781791687012e-01 2.890882827341556549e-02 7.579380180686712265e-04 6.589011114499498944e-09
9.516321420669555664e-01 4.746171087026596069e-02 9.060804732143878937e-04 2.695251355433470053e-09
9.785011410713195801e-01 2.112656459212303162e-02 3.723713452927768230e-04 3.415886740132378918e-10
9.424515962600708008e-01 5.676887184381484985e-02 7.795468554832041264e-04 2.940522547678625642e-10
9.773110747337341309e-01 2.242157794535160065e-02 2.674166171345859766e-04 5.111474438157515010e-11
9.394317865371704102e-01 5.982763692736625671e-02 7.406310760416090488e-04 1.772611779582433655e-10
9.755887985229492188e-01 2.420298755168914795e-02 2.082288119709119201e-04 1.881081575227927516e-11
9.117275476455688477e-01 8.707322180271148682e-02 1.199280610308051109e-03 6.450527334500577581e-10
9.640569090843200684e-01 3.561098128557205200e-02 3.320790128782391548e-04 7.189742551316768981e-11
9.141334891319274902e-01 8.443809300661087036e-02 1.428417977876961231e-03 3.624233801957643664e-09
9.633746743202209473e-01 3.625449538230895996e-02 3.708575677592307329e-04 2.883517036256222354e-10
9.248928427696228027e-01 7.363526523113250732e-02 1.471949042752385139e-03 1.959413609142757196e-08
9.653641581535339355e-01 3.428684175014495850e-02 3.490907838568091393e-04 1.157786644334635184e-09
9.334746003150939941e-01 6.520786881446838379e-02 1.317389076575636864e-03 6.962925169773370726e-08
9.642671346664428711e-01 3.530588746070861816e-02 4.270323843229562044e-04 1.161465235099967686e-08
9.403972625732421875e-01 5.847674235701560974e-02 1.125857466831803322e-03 1.533944242737561581e-07
9.620350599288940430e-01 3.740629926323890686e-02 5.585291073657572269e-04 7.081787600782263326e-08
9.455090165138244629e-01 5.351000651717185974e-02 9.807472815737128258e-04 1.841385142142826226e-07
9.604783058166503906e-01 3.883719816803932190e-02 6.842434522695839405e-04 1.772719997461535968e-07
9.534832239151000977e-01 4.561916366219520569e-02 8.974481024779379368e-04 1.573354353467948386e-07
9.561878442764282227e-01 4.286276549100875854e-02 9.491561213508248329e-04 2.688304618914116872e-07
9.516132473945617676e-01 4.766038805246353149e-02 7.263467414304614067e-04 1.599629939619262586e-08
9.517925977706909180e-01 4.725108668208122253e-02 9.562779450789093971e-04 4.496499883543947362e-08
9.547935724258422852e-01 4.471607878804206848e-02 4.903743392787873745e-04 1.265150761931010948e-09
9.627894163131713867e-01 3.663302212953567505e-02 5.775925819762051105e-04 4.410678045019267302e-09
9.653370380401611328e-01 3.434509783983230591e-02 3.177866747137159109e-04 2.611517391226669815e-10
9.718706011772155762e-01 2.775633707642555237e-02 3.730523458216339350e-04 8.746249280378037838e-10
9.624962210655212402e-01 3.712645173072814941e-02 3.772087220568209887e-04 2.274496979648432671e-10
9.754727482795715332e-01 2.416649274528026581e-02 3.608510596677660942e-04 7.165812943021876436e-10
9.584586024284362793e-01 4.101859405636787415e-02 5.228903028182685375e-04 4.250633178770613085e-10
9.779872298240661621e-01 2.162881754338741302e-02 3.839933779090642929e-04 9.950353874188522241e-10
9.566639065742492676e-01 4.252045974135398865e-02 8.156017283909022808e-04 2.170396751211001174e-09
9.778588414192199707e-01 2.160270512104034424e-02 5.383827374316751957e-04 4.227770578069112162e-09
9.552061557769775391e-01 4.337674006819725037e-02 1.417139777913689613e-03 2.062786386147763551e-08
9.779365658760070801e-01 2.121203392744064331e-02 8.514316286891698837e-04 4.204128600804324378e-08
9.560632705688476562e-01 4.140607640147209167e-02 2.530302153900265694e-03 3.012146692071837606e-07
9.800307154655456543e-01 1.872707158327102661e-02 1.241777557879686356e-03 4.474954096167493844e-07
9.591351151466369629e-01 3.598442301154136658e-02 4.876136779785156250e-03 4.372908733785152435e-06
9.804938435554504395e-01 1.798890717327594757e-02 1.515804906375706196e-03 1.469176027057983447e-06
9.654240012168884277e-01 3.019401058554649353e-02 4.373540170490741730e-03 8.377790436497889459e-06
9.827593564987182617e-01 1.612708345055580139e-02 1.113093458116054535e-03 5.186265070733497851e-07
9.626848697662353516e-01 3.503807261586189270e-02 2.276307437568902969e-03 7.569505555693467613e-07
9.828185439109802246e-01 1.627029106020927429e-02 9.110147948376834393e-04 1.374028357759016217e-07
9.707578420639038086e-01 2.809381298720836639e-02 1.148289302363991737e-03 4.838878098212262557e-08
9.865967631340026855e-01 1.289570610970258713e-02 5.075269727967679501e-04 1.293728946194505625e-08
9.762925505638122559e-01 2.304978854954242706e-02 6.577213061973452568e-04 5.335679897910949876e-09
9.905301928520202637e-01 9.236657992005348206e-03 2.331506111659109592e-04 6.551221787276517716e-10
9.810296297073364258e-01 1.857573352754116058e-02 3.946011711377650499e-04 6.289191389896586770e-10
9.907870888710021973e-01 9.045677259564399719e-03 1.672033540671691298e-04 7.711510596752901847e-11
9.767801165580749512e-01 2.285436727106571198e-02 3.654620668385177851e-04 1.162598281534421574e-10
9.894652366638183594e-01 1.042164862155914307e-02 1.131600729422643781e-04 8.548976630773363894e-12
9.633529782295227051e-01 3.617031127214431763e-02 4.767241771332919598e-04 6.807852198642549979e-11
9.849920272827148438e-01 1.489156298339366913e-02 1.163327906397171319e-04 4.085520116658969414e-12
9.524891376495361328e-01 4.691801965236663818e-02 5.928479367867112160e-04 1.309737179822079156e-10
9.796621799468994141e-01 2.015804126858711243e-02 1.798516168491914868e-04 2.046364813712564512e-11
9.332937002182006836e-01 6.562042981386184692e-02 1.085863681510090828e-03 1.384568237838834648e-09
9.763353466987609863e-01 2.342481724917888641e-02 2.398885262664407492e-04 1.351467965315933384e-10
9.460023641586303711e-01 5.296581238508224487e-02 1.031771651469171047e-03 7.797231305062268802e-09
9.771726727485656738e-01 2.259527705609798431e-02 2.320476050954312086e-04 5.943669445507282489e-10
9.409637451171875000e-01 5.791147053241729736e-02 1.124796108342707157e-03 3.172909401882861857e-08
9.708483219146728516e-01 2.880061231553554535e-02 3.511069226078689098e-04 6.713475109165756294e-09
9.299178123474121094e-01 6.878955662250518799e-02 1.292569562792778015e-03 8.359678105307466467e-08
9.602596163749694824e-01 3.914952278137207031e-02 5.909130559302866459e-04 4.803916908713290468e-08
9.323108792304992676e-01 6.612379103899002075e-02 1.564935781061649323e-03 3.589633479350595735e-07
9.521706104278564453e-01 4.675858840346336365e-02 1.070493366569280624e-03 3.510748456392320804e-07
9.326470494270324707e-01 6.548110395669937134e-02 1.871294924058020115e-03 5.272581802273634821e-07
9.367406368255615234e-01 6.124281883239746094e-02 2.015426056459546089e-03 1.078684590538614430e-06
9.426537752151489258e-01 5.600296705961227417e-02 1.343248761259019375e-03 1.031935639161929430e-07
9.261325597763061523e-01 7.156145572662353516e-02 2.305505098775029182e-03 3.953163911774026928e-07
9.423772692680358887e-01 5.653279274702072144e-02 1.089969300664961338e-03 1.815429762075382314e-08
9.372490644454956055e-01 6.123386695981025696e-02 1.517066732048988342e-03 5.061812302642465511e-08
9.498449563980102539e-01 4.940850287675857544e-02 7.465296657755970955e-04 3.487531818890943214e-09
9.611948728561401367e-01 3.803728148341178894e-02 7.677734829485416412e-04 7.966455939367733663e-09
9.639856815338134766e-01 3.552189841866493225e-02 4.924601525999605656e-04 1.118519388221272948e-09
9.746177196502685547e-01 2.488531358540058136e-02 4.968613502569496632e-04 3.358116895668672441e-09
9.662603139877319336e-01 3.324798494577407837e-02 4.917251062579452991e-04 9.521849975158147572e-10
9.828643798828125000e-01 1.678283326327800751e-02 3.527427033986896276e-04 2.373917284970161745e-09
9.688816070556640625e-01 3.057141043245792389e-02 5.470167379826307297e-04 1.782367586855571062e-09
9.857895970344543457e-01 1.388647034764289856e-02 3.239738289266824722e-04 3.001932258328565695e-09
9.681826829910278320e-01 3.098302707076072693e-02 8.341795182786881924e-04 1.131604765447491445e-08
9.859722852706909180e-01 1.358179096132516861e-02 4.459795891307294369e-04 1.672314020595422335e-08
9.634920358657836914e-01 3.487221524119377136e-02 1.635412336327135563e-03 1.761813877010354190e-07
9.815368056297302246e-01 1.738579757511615753e-02 1.076923683285713196e-03 5.132734486323897727e-07
9.587823152542114258e-01 3.748961538076400757e-02 3.724012523889541626e-03 4.146842002228368074e-06
9.774503707885742188e-01 2.102928049862384796e-02 1.518946723081171513e-03 1.418563556399021763e-06
9.533066749572753906e-01 4.285578057169914246e-02 3.832662478089332581e-03 4.890343006991315633e-06
9.766174554824829102e-01 2.214631438255310059e-02 1.235811621882021427e-03 4.074346975357912015e-07
9.572549462318420410e-01 4.092071205377578735e-02 1.824121223762631416e-03 2.838688715200987644e-07
9.751778841018676758e-01 2.375634200870990753e-02 1.065719989128410816e-03 1.087510170805217058e-07
9.549815058708190918e-01 4.386622458696365356e-02 1.152317039668560028e-03 1.942421690159790160e-08
9.785297513008117676e-01 2.085808105766773224e-02 6.121704354882240295e-04 8.628675551847209135e-09
9.588438272476196289e-01 4.034941270947456360e-02 8.067927556112408638e-04 3.205762766356201610e-09
9.840713739395141602e-01 1.563111320137977600e-02 2.974433300551027060e-04 4.588633639723838087e-10
9.706808328628540039e-01 2.889512851834297180e-02 4.240492999088019133e-04 2.878265126238233051e-10
9.892988204956054688e-01 1.056246738880872726e-02 1.386373041896149516e-04 3.757127595149789556e-11
9.712449908256530762e-01 2.840219996869564056e-02 3.528165398165583611e-04 7.717155386943730377e-11
9.902675747871398926e-01 9.649641811847686768e-03 8.270719990832731128e-05 5.932170553391014067e-12
9.674277901649475098e-01 3.220350295305252075e-02 3.687118005473166704e-04 7.994894329899082663e-11
9.908455014228820801e-01 9.082529693841934204e-03 7.189912867033854127e-05 7.676182606219938975e-12
9.884108304977416992e-01 1.147030945867300034e-02 1.189212125609628856e-04 5.050449641830212499e-11
9.945836663246154785e-01 5.382547620683908463e-03 3.376022141310386360e-05 3.761631197501946744e-12
9.893858432769775391e-01 1.049061119556427002e-02 1.234861847478896379e-04 1.666103921493800044e-10
9.948798418045043945e-01 5.074798595160245895e-03 4.528816134552471340e-05 5.316757104023572822e-11
9.839072227478027344e-01 1.577056944370269775e-02 3.221603110432624817e-04 1.077358735557254477e-08
9.713801741600036621e-01 2.827794291079044342e-02 3.418423002585768700e-04 2.946694444005970581e-09
9.532557725906372070e-01 4.545105621218681335e-02 1.292878529056906700e-03 3.877856897815945558e-07
9.549964070320129395e-01 4.429335147142410278e-02 7.103281095623970032e-04 5.257841806383112271e-08
7.321949005126953125e-01 2.607920467853546143e-01 7.007892709225416183e-03 5.155110557097941637e-06
9.093620181083679199e-01 8.914770185947418213e-02 1.489954534918069839e-03 4.147407253185519949e-07
8.964000940322875977e-01 1.009933650493621826e-01 2.602290594950318336e-03 4.130637989874230698e-06
8.605313897132873535e-01 1.369172036647796631e-01 2.550670877099037170e-03 8.309772852044261526e-07
8.236446976661682129e-01 1.746412515640258789e-01 1.713969511911273003e-03 6.697896992591267917e-08
9.038884043693542480e-01 9.526881575584411621e-02 8.427644497714936733e-04 2.373374741182487924e-08
9.587194323539733887e-01 4.106757417321205139e-02 2.130430511897429824e-04 6.175330802271616903e-10
9.705502986907958984e-01 2.926056087017059326e-02 1.892129221232607961e-04 6.647367656320568585e-10
9.768110513687133789e-01 2.311703562736511230e-02 7.199715764727443457e-05 1.632562487974276166e-11
9.739571213722229004e-01 2.593175880610942841e-02 1.111348028643988073e-04 2.916163491240020278e-11
9.869891405105590820e-01 1.296691689640283585e-02 4.397902375785633922e-05 4.280199892431335584e-12
9.874286055564880371e-01 1.251611392945051193e-02 5.537096876651048660e-05 1.046647057217908738e-11
9.922135472297668457e-01 7.765867747366428375e-03 2.057486017292831093e-05 5.801165754368287075e-13
9.874368906021118164e-01 1.250818837434053421e-02 5.493911521625705063e-05 3.071823394609762836e-12
9.905879497528076172e-01 9.373341687023639679e-03 3.872248998959548771e-05 1.790577668775439335e-12
9.931172132492065430e-01 6.853354629129171371e-03 2.932718780357390642e-05 1.206353918668801040e-12
9.851188063621520996e-01 1.483323704451322556e-02 4.786957651958800852e-05 6.724872395058589802e-13
9.944754242897033691e-01 5.492441356182098389e-03 3.207104236935265362e-05 2.829804099380162086e-12
9.968326687812805176e-01 3.147284965962171555e-03 2.012621371250133961e-05 3.212037840566450697e-12
9.967921376228332520e-01 3.183471038937568665e-03 2.431761458865366876e-05 5.409417271756700174e-12
9.770968556404113770e-01 2.267531305551528931e-02 2.278774627484381199e-04 7.838854565456188084e-11
9.960910677909851074e-01 3.865473670884966850e-03 4.341526073403656483e-05 4.390988961322506157e-11
9.893411993980407715e-01 1.035393774509429932e-02 3.048361686524003744e-04 9.301553305363086110e-09
9.949429631233215332e-01 4.920641425997018814e-03 1.363409683108329773e-04 5.489650956036484786e-09
9.732401371002197266e-01 2.475182898342609406e-02 2.007686765864491463e-03 3.568146667021210305e-07
9.931974411010742188e-01 6.073477212339639664e-03 7.284305174835026264e-04 6.844886684120865539e-07
9.354573488235473633e-01 4.029843583703041077e-02 2.415201626718044281e-02 9.220721403835341334e-05
9.736679792404174805e-01 1.528006326407194138e-02 1.093086414039134979e-02 1.211123089888133109e-04
9.375872611999511719e-01 3.640615940093994141e-02 2.586933784186840057e-02 1.374199055135250092e-04
9.788131713867187500e-01 1.507483329623937607e-02 6.094048731029033661e-03 1.797676486603450030e-05
9.543771743774414062e-01 3.577812016010284424e-02 9.838650934398174286e-03 6.065160505386302248e-06
9.829692244529724121e-01 1.426099147647619247e-02 2.768417121842503548e-03 1.317308715442777611e-06
9.527287483215332031e-01 4.167052730917930603e-02 5.600095260888338089e-03 5.604430270977900364e-07
9.808901548385620117e-01 1.737358979880809784e-02 1.736124977469444275e-03 1.264364613007273874e-07
9.419148564338684082e-01 5.255017057061195374e-02 5.534802563488483429e-03 1.875608290902164299e-07
9.767836332321166992e-01 2.162916772067546844e-02 1.587162259966135025e-03 3.055490438441665901e-08
9.166242480278015137e-01 7.548607885837554932e-02 7.889528758823871613e-03 1.380041680931753945e-07
9.723029732704162598e-01 2.541566640138626099e-02 2.281405264511704445e-03 3.519125613138385233e-08
8.693647384643554688e-01 1.108019351959228516e-01 1.983283087611198425e-02 4.703526883531594649e-07
9.633368253707885742e-01 3.287519142031669617e-02 3.787890775129199028e-03 6.238507666012083064e-08
8.104380369186401367e-01 1.412303894758224487e-01 4.832891747355461121e-02 2.590457370388321579e-06
9.502782821655273438e-01 4.418387636542320251e-02 5.537769757211208344e-03 1.136319767169879924e-07
7.221914529800415039e-01 1.878103613853454590e-01 8.998883515596389771e-02 9.347905688628088683e-06
9.243004322052001953e-01 6.240370869636535645e-02 1.329491101205348969e-02 8.775151059126073960e-07
5.310330986976623535e-01 2.075204402208328247e-01 2.613082230091094971e-01 1.382706686854362488e-04
8.735349774360656738e-01 8.227454870939254761e-02 4.416865482926368713e-02 2.190568375226575881e-05
3.402139246463775635e-01 2.126558572053909302e-01 4.466022551059722900e-01 5.278774187900125980e-04
7.334063053131103516e-01 1.172949299216270447e-01 1.490628421306610107e-01 2.359554928261786699e-04
1.749944686889648438e-01 1.801215857267379761e-01 6.433924436569213867e-01 1.491473405621945858e-03
4.137853085994720459e-01 1.293957680463790894e-01 4.546551108360290527e-01 2.163716126233339310e-03
5.729600787162780762e-02 9.866821765899658203e-02 8.381756544113159180e-01 5.860128905624151230e-03
1.203293055295944214e-01 6.734036654233932495e-02 7.928662896156311035e-01 1.946397684514522552e-02
1.794441603124141693e-02 3.998328745365142822e-02 8.952977061271667480e-01 4.677459225058555603e-02
3.082996420562267303e-02 2.449877187609672546e-02 5.954042077064514160e-01 3.492670655250549316e-01
1.046577747911214828e-02 3.388307988643646240e-02 9.049471020698547363e-01 5.070399865508079529e-02
2.311258018016815186e-02 3.495204821228981018e-02 8.121593594551086426e-01 1.297760307788848877e-01
1.876967400312423706e-02 8.255302160978317261e-02 8.913452625274658203e-01 7.332012522965669632e-03
3.069614432752132416e-02 7.896158844232559204e-02 8.781238198280334473e-01 1.221843995153903961e-02
2.474965527653694153e-02 1.544488519430160522e-01 8.178587555885314941e-01 2.942744409665465355e-03
4.398720711469650269e-02 1.690067946910858154e-01 7.842891812324523926e-01 2.716824179515242577e-03
2.099512703716754913e-02 1.598749905824661255e-01 8.162987828254699707e-01 2.831035526469349861e-03
2.931523695588111877e-02 1.603876054286956787e-01 8.078269958496093750e-01 2.470185281708836555e-03
1.142663229256868362e-02 9.887203574180603027e-02 8.835019469261169434e-01 6.199321709573268890e-03
1.471263077110052109e-02 1.060123294591903687e-01 8.746962547302246094e-01 4.578814376145601273e-03
6.797213107347488403e-03 6.111961975693702698e-02 9.189676642417907715e-01 1.311544701457023621e-02
1.432263944298028946e-02 1.227914094924926758e-01 8.591654300689697266e-01 3.720549866557121277e-03
6.756826769560575485e-03 6.368996948003768921e-02 9.132662415504455566e-01 1.628694869577884674e-02
1.728333160281181335e-02 1.505962461233139038e-01 8.279941082000732422e-01 4.126322455704212189e-03
1.400531176477670670e-02 1.693040430545806885e-01 8.103365302085876465e-01 6.354074459522962570e-03
3.089700080454349518e-02 3.302090764045715332e-01 6.363103389739990234e-01 2.583702094852924347e-03
2.830536477267742157e-02 5.367522835731506348e-01 4.343136250972747803e-01 6.287216674536466599e-04
4.097986221313476562e-02 6.856292486190795898e-01 2.731361389160156250e-01 2.547225740272551775e-04
2.784951031208038330e-02 8.342415094375610352e-01 1.378832310438156128e-01 2.573981873865704983e-05
3.222297877073287964e-02 8.547221422195434570e-01 1.130267605185508728e-01 2.807572127494495362e-05
2.045636437833309174e-02 8.900102972984313965e-01 8.952485769987106323e-02 8.517773494531866163e-06
2.407672256231307983e-02 8.869596719741821289e-01 8.895009011030197144e-02 1.354677897325018421e-05
1.715294644236564636e-02 9.082070589065551758e-01 7.463610917329788208e-02 3.869692591251805425e-06
2.305580303072929382e-02 8.738476634025573730e-01 1.030827090144157410e-01 1.387493739457568154e-05
1.808429509401321411e-02 8.515075445175170898e-01 1.303973942995071411e-01 1.075174532161327079e-05
2.486671879887580872e-02 8.325716257095336914e-01 1.425393521785736084e-01 2.225930802524089813e-05
2.054290473461151123e-02 8.204811811447143555e-01 1.589630544185638428e-01 1.285556481889216229e-05
2.797144465148448944e-02 8.203220367431640625e-01 1.516881138086318970e-01 1.839495780586730689e-05
2.280685864388942719e-02 8.125454783439636230e-01 1.646262407302856445e-01 2.143461279047187418e-05
2.798100747168064117e-02 8.505430221557617188e-01 1.214567720890045166e-01 1.915217762871179730e-05
2.473910711705684662e-02 8.071768283843994141e-01 1.680405437946319580e-01 4.347545473137870431e-05
2.736196480691432953e-02 8.615073561668395996e-01 1.111121699213981628e-01 1.862809585873037577e-05
2.277620881795883179e-02 8.256345391273498535e-01 1.515550017356872559e-01 3.425210525165311992e-05
2.283776178956031799e-02 8.726928234100341797e-01 1.044569164514541626e-01 1.244974737346637994e-05
2.161067537963390350e-02 7.607992291450500488e-01 2.175231575965881348e-01 6.698730430798605084e-05
2.136121317744255066e-02 8.267182707786560059e-01 1.519016772508621216e-01 1.875061752798501402e-05
1.861736550927162170e-02 7.120044231414794922e-01 2.693000137805938721e-01 7.826866203686222434e-05
2.066095173358917236e-02 7.838857769966125488e-01 1.954297423362731934e-01 2.357722405577078462e-05
1.752420514822006226e-02 5.390176773071289062e-01 4.432127177715301514e-01 2.454184286762028933e-04
2.071850746870040894e-02 7.930123805999755859e-01 1.862513273954391479e-01 1.779786725819576532e-05
1.782239414751529694e-02 5.455303788185119629e-01 4.363889098167419434e-01 2.583131717983633280e-04
2.306016348302364349e-02 8.405697345733642578e-01 1.363537609577178955e-01 1.634675209061242640e-05
2.015929482877254486e-02 6.851173043251037598e-01 2.946068346500396729e-01 1.165372450486756861e-04
2.579152956604957581e-02 8.797025084495544434e-01 9.448838979005813599e-02 1.764817534422036260e-05
1.848865300416946411e-02 8.150000572204589844e-01 1.664779484272003174e-01 3.341797491884790361e-05
2.189577370882034302e-02 9.131335020065307617e-01 6.496170908212661743e-02 9.031205081555526704e-06
1.394831761717796326e-02 9.153106808662414551e-01 7.073810696601867676e-02 2.895300440286519006e-06
1.585182361304759979e-02 9.386052489280700684e-01 4.554016888141632080e-02 2.633917347338865511e-06
1.137825567275285721e-02 9.260479211807250977e-01 6.257239729166030884e-02 1.414559733348141890e-06
1.441856287419795990e-02 9.188266396522521973e-01 6.675139069557189941e-02 3.384120191185502335e-06
1.105422899127006531e-02 9.047622084617614746e-01 8.418196439743041992e-02 1.463251578570634592e-06
1.505870837718248367e-02 8.861558437347412109e-01 9.878144413232803345e-02 4.012437329947715625e-06
1.341606024652719498e-02 8.544541001319885254e-01 1.321275681257247925e-01 2.380726300543756224e-06
1.878475211560726166e-02 8.253020048141479492e-01 1.559071242809295654e-01 6.146645773696945980e-06
1.696975342929363251e-02 7.772992253303527832e-01 2.057256698608398438e-01 5.351760137273231521e-06
2.146594226360321045e-02 8.048182129859924316e-01 1.737074851989746094e-01 8.356107173312921077e-06
1.801135204732418060e-02 8.133679628372192383e-01 1.686137765645980835e-01 6.842581115051871166e-06
2.005342207849025726e-02 8.682890534400939941e-01 1.116526424884796143e-01 4.853676728089340031e-06
1.798894070088863373e-02 8.460531830787658691e-01 1.359497159719467163e-01 8.213120963773690164e-06
1.803333312273025513e-02 9.239315390586853027e-01 5.803405866026878357e-02 1.133898990701709408e-06
1.631133817136287689e-02 8.738169074058532715e-01 1.098672077059745789e-01 4.625524525181390345e-06
1.565925776958465576e-02 9.262642264366149902e-01 5.807594209909439087e-02 7.017018219812598545e-07
1.502683386206626892e-02 8.295900225639343262e-01 1.553758233785629272e-01 7.262050075951265171e-06
1.538637839257717133e-02 8.817266225814819336e-01 1.028847843408584595e-01 2.113355321853305213e-06
1.329404674470424652e-02 7.680284380912780762e-01 2.186647951602935791e-01 1.274638543691253290e-05
1.355726737529039383e-02 8.890340328216552734e-01 9.740769863128662109e-02 9.633865829528076574e-07
1.187937334179878235e-02 7.235488295555114746e-01 2.645597755908966064e-01 1.206036449730163440e-05
1.249889191240072250e-02 9.259233474731445312e-01 6.157755106687545776e-02 2.356850785645292490e-07
1.175865251570940018e-02 6.843675374984741211e-01 3.038594126701354980e-01 1.438122853869572282e-05
1.417939737439155579e-02 9.340503215789794922e-01 5.176983773708343506e-02 3.166440762925049057e-07
1.249948516488075256e-02 7.123738527297973633e-01 2.751013636589050293e-01 2.528523145883809775e-05
1.486172527074813843e-02 9.362956881523132324e-01 4.884178936481475830e-02 8.177229915418138262e-07
1.154624763876199722e-02 8.438961505889892578e-01 1.445503979921340942e-01 7.134052339097252116e-06
1.218649838119745255e-02 9.503870010375976562e-01 3.742565587162971497e-02 9.042288979799195658e-07
8.705617859959602356e-03 9.329278469085693359e-01 5.836550146341323853e-02 1.109667095988697838e-06
1.000950019806623459e-02 9.573803544044494629e-01 3.260935097932815552e-02 6.646825454481586348e-07
8.741121739149093628e-03 9.328487515449523926e-01 5.840923264622688293e-02 9.101057685256819241e-07
1.006841380149126053e-02 9.415982961654663086e-01 4.833214357495307922e-02 1.107688149204477668e-06
8.894090540707111359e-03 9.191247224807739258e-01 7.198043167591094971e-02 7.688630603297497146e-07
1.155865564942359924e-02 8.850842118263244629e-01 1.033538877964019775e-01 3.236851625842973590e-06
1.038355752825737000e-02 8.967938423156738281e-01 9.282185137271881104e-02 7.751272050882107578e-07
1.408262457698583603e-02 8.509546518325805664e-01 1.349595189094543457e-01 3.134912731184158474e-06
1.350366137921810150e-02 8.067766427993774414e-01 1.797169148921966553e-01 2.694795057323062792e-06
1.708540134131908417e-02 8.186821937561035156e-01 1.642281860113143921e-01 4.287840965844225138e-06
1.414564903825521469e-02 8.245771527290344238e-01 1.612736731767654419e-01 3.587761284506996162e-06
1.724313199520111084e-02 8.822655081748962402e-01 1.004886329174041748e-01 2.724837486312026158e-06
1.519986800849437714e-02 8.235753178596496582e-01 1.612161248922348022e-01 8.615956176072359085e-06
1.601650379598140717e-02 9.234286546707153320e-01 6.055374816060066223e-02 1.083963297787704505e-06
1.410503685474395752e-02 8.509858250617980957e-01 1.349015384912490845e-01 7.579105385957518592e-06
1.452101487666368484e-02 9.233121871948242188e-01 6.216556578874588013e-02 1.214269332194817252e-06
1.299541350454092026e-02 8.346846103668212891e-01 1.523115187883377075e-01 8.432772119704168290e-06
1.371562015265226364e-02 8.935123085975646973e-01 9.277024120092391968e-02 1.826324705689330585e-06
1.211586408317089081e-02 7.757555842399597168e-01 2.121185213327407837e-01 9.995140317187178880e-06
1.308555062860250473e-02 8.561323285102844238e-01 1.307800710201263428e-01 2.006498789342003874e-06
1.087664812803268433e-02 6.407881975173950195e-01 3.483128547668457031e-01 2.222533657914027572e-05
1.225998718291521072e-02 8.600518703460693359e-01 1.276872158050537109e-01 9.279788173444103450e-07
9.448203258216381073e-03 5.357789993286132812e-01 4.547381401062011719e-01 3.462535823928192258e-05
1.219393871724605560e-02 8.691152334213256836e-01 1.186897531151771545e-01 1.009026959764014464e-06
7.989294826984405518e-03 4.089737534523010254e-01 5.829238891601562500e-01 1.130481105064973235e-04
1.302471477538347244e-02 8.610354661941528320e-01 1.259370595216751099e-01 2.728226718318182975e-06
8.547617122530937195e-03 5.216706395149230957e-01 4.696992933750152588e-01 8.247626101365312934e-05
1.236390694975852966e-02 8.183871507644653320e-01 1.692348569631576538e-01 1.414420148648787290e-05
8.788046427071094513e-03 6.351043581962585449e-01 3.560568690299987793e-01 5.066101221018470824e-05
1.020434498786926270e-02 8.624421954154968262e-01 1.273439675569534302e-01 9.416694410901982337e-06
8.313101716339588165e-03 7.741628289222717285e-01 2.175109237432479858e-01 1.320157480222405866e-05
9.775261394679546356e-03 8.423375487327575684e-01 1.478744298219680786e-01 1.277605952054727823e-05
9.159565903246402740e-03 7.472171187400817871e-01 2.436090856790542603e-01 1.425179107172880322e-05
1.150995027273893356e-02 7.456061840057373047e-01 2.428577840328216553e-01 2.612483149277977645e-05
1.012760121375322342e-02 7.381539940834045410e-01 2.517098188400268555e-01 8.602427442383486778e-06
1.294056512415409088e-02 6.495136022567749023e-01 3.375107645988464355e-01 3.510407987050712109e-05
1.176477037370204926e-02 6.601931452751159668e-01 3.280303776264190674e-01 1.163668548542773351e-05
1.522112078964710236e-02 6.062819361686706543e-01 3.784631490707397461e-01 3.373697836650535464e-05
1.317816693335771561e-02 5.382845997810363770e-01 4.485056996345520020e-01 3.148757605231367052e-05
1.823587529361248016e-02 6.307229399681091309e-01 3.510083556175231934e-01 3.288288644398562610e-05
1.508844178169965744e-02 6.449487805366516113e-01 3.399326801300048828e-01 3.009360989381093532e-05
1.873884722590446472e-02 8.073646426200866699e-01 1.738881915807723999e-01 8.327654541062656790e-06
1.481313537806272507e-02 7.378121614456176758e-01 2.473483681678771973e-01 2.628954098327085376e-05
1.598084531724452972e-02 8.754669427871704102e-01 1.085485666990280151e-01 3.630997071013553068e-06
1.269340422004461288e-02 7.801222205162048340e-01 2.071633934974670410e-01 2.100695746776182204e-05
1.342539954930543900e-02 8.838741183280944824e-01 1.026977002620697021e-01 2.776990868369466625e-06
1.107591949403285980e-02 7.727314233779907227e-01 2.161762863397598267e-01 1.626816811040043831e-05
1.259160693734884262e-02 8.503693342208862305e-01 1.370357871055603027e-01 3.233202960473136045e-06
9.977414272725582123e-03 6.961134672164916992e-01 2.938868105411529541e-01 2.228959965577814728e-05
1.092868577688932419e-02 8.718365430831909180e-01 1.172336488962173462e-01 1.105551973523688503e-06
8.335595019161701202e-03 7.251652479171752930e-01 2.664898633956909180e-01 9.254005817638244480e-06
8.626698516309261322e-03 9.302199482917785645e-01 6.115316227078437805e-02 2.085523789219223545e-07
