4.080574824525708827e-02 4.627570603280340734e-03 2.784386039950972891e-01
4.104641151123875759e-02 4.528923763356412606e-03 2.785179370683335542e-01
4.080574824525708827e-02 4.627570603280340734e-03 2.784386039950972891e-01
4.064260774259248477e-02 4.794867990244349593e-03 2.785726957091881895e-01
4.056584094662169654e-02 4.667632116354661700e-03 2.780124835372630443e-01
4.075452129000575741e-02 4.446939693610070000e-03 2.776488195512543666e-01
4.075452129000575741e-02 4.446939693610070000e-03 2.776488195512543666e-01
4.095606141860677618e-02 4.425632601592056209e-03 2.778650358222587990e-01
4.080574824525708827e-02 4.627570603280340734e-03 2.784386039950972891e-01
4.089036614916062573e-02 4.745467939661089131e-03 2.790472600965893113e-01
4.056584094662169654e-02 4.667632116354661700e-03 2.780124835372630443e-01
4.095606141860677618e-02 4.425632601592056209e-03 2.778650358222587990e-01
4.075452129000575741e-02 4.446939693610070000e-03 2.776488195512543666e-01
4.075452129000575741e-02 4.446939693610070000e-03 2.776488195512543666e-01
4.064260774259248477e-02 4.794867990244349593e-03 2.785726957091881895e-01
4.057975238676429092e-02 4.885739645526630467e-03 2.774454847197198593e-01
4.056584094662169654e-02 4.667632116354661700e-03 2.780124835372630443e-01
4.080574824525708827e-02 4.627570603280340734e-03 2.784386039950972891e-01
4.075452129000575741e-02 4.446939693610070000e-03 2.776488195512543666e-01
4.075452129000575741e-02 4.446939693610070000e-03 2.776488195512543666e-01
4.104641151123875759e-02 4.528923763356412606e-03 2.785179370683335542e-01
4.064260774259248477e-02 4.794867990244349593e-03 2.785726957091881895e-01
4.095606141860677618e-02 4.425632601592056209e-03 2.778650358222587990e-01
4.075452129000575741e-02 4.446939693610070000e-03 2.776488195512543666e-01
4.056584094662169654e-02 4.667632116354661700e-03 2.780124835372630443e-01
4.075452129000575741e-02 4.446939693610070000e-03 2.776488195512543666e-01
4.095606141860677618e-02 4.425632601592056209e-03 2.778650358222587990e-01
4.089036614916062573e-02 4.745467939661089131e-03 2.790472600965893113e-01
4.064260774259248477e-02 4.794867990244349593e-03 2.785726957091881895e-01
4.064260774259248477e-02 4.794867990244349593e-03 2.785726957091881895e-01
4.056584094662169654e-02 4.667632116354661700e-03 2.780124835372630443e-01
4.095606141860677618e-02 4.425632601592056209e-03 2.778650358222587990e-01
4.056584094662169654e-02 4.667632116354661700e-03 2.780124835372630443e-01
4.056584094662169654e-02 4.667632116354661700e-03 2.780124835372630443e-01
4.056584094662169654e-02 4.667632116354661700e-03 2.780124835372630443e-01
4.056584094662169654e-02 4.667632116354661700e-03 2.780124835372630443e-01
4.095606141860677618e-02 4.425632601592056209e-03 2.778650358222587990e-01
4.075452129000575741e-02 4.446939693610070000e-03 2.776488195512543666e-01
4.095606141860677618e-02 4.425632601592056209e-03 2.778650358222587990e-01
4.080574824525708827e-02 4.627570603280340734e-03 2.784386039950972891e-01
4.064260774259248477e-02 4.794867990244349593e-03 2.785726957091881895e-01
4.064260774259248477e-02 4.794867990244349593e-03 2.785726957091881895e-01
4.056584094662169654e-02 4.667632116354661700e-03 2.780124835372630443e-01
4.075452129000575741e-02 4.446939693610070000e-03 2.776488195512543666e-01
4.056584094662169654e-02 4.667632116354661700e-03 2.780124835372630443e-01
4.049654037484842067e-02 4.765718773283579048e-03 2.768043918243784374e-01
4.049654037484842067e-02 4.765718773283579048e-03 2.768043918243784374e-01
4.050004214351127924e-02 4.712075083945200214e-03 2.779808524333265973e-01
4.095606141860677618e-02 4.425632601592056209e-03 2.778650358222587990e-01
4.075452129000575741e-02 4.446939693610070000e-03 2.776488195512543666e-01
4.080574824525708827e-02 4.627570603280340734e-03 2.784386039950972891e-01
4.080574824525708827e-02 4.627570603280340734e-03 2.784386039950972891e-01
4.080574824525708827e-02 4.627570603280340734e-03 2.784386039950972891e-01
4.056584094662169654e-02 4.667632116354661700e-03 2.780124835372630443e-01
4.056584094662169654e-02 4.667632116354661700e-03 2.780124835372630443e-01
4.056584094662169654e-02 4.667632116354661700e-03 2.780124835372630443e-01
4.095606141860677618e-02 4.425632601592056209e-03 2.778650358222587990e-01
4.056584094662169654e-02 4.667632116354661700e-03 2.780124835372630443e-01
4.049654037484842067e-02 4.765718773283579048e-03 2.768043918243784374e-01
4.056584094662169654e-02 4.667632116354661700e-03 2.780124835372630443e-01
4.056584094662169654e-02 4.667632116354661700e-03 2.780124835372630443e-01
4.095606141860677618e-02 4.425632601592056209e-03 2.778650358222587990e-01
4.075452129000575741e-02 4.446939693610070000e-03 2.776488195512543666e-01
4.071119874055727922e-02 4.738854389480138055e-03 2.770980729019654198e-01
4.089036614916062573e-02 4.745467939661089131e-03 2.790472600965893113e-01
4.057975238676429092e-02 4.885739645526630467e-03 2.774454847197198593e-01
4.064260774259248477e-02 4.794867990244349593e-03 2.785726957091881895e-01
4.056584094662169654e-02 4.667632116354661700e-03 2.780124835372630443e-01
4.087291632252981061e-02 4.486380725545334631e-03 2.777423801931300229e-01
4.080574824525708827e-02 4.627570603280340734e-03 2.784386039950972891e-01
4.056584094662169654e-02 4.667632116354661700e-03 2.780124835372630443e-01
4.056584094662169654e-02 4.667632116354661700e-03 2.780124835372630443e-01
4.064260774259248477e-02 4.794867990244349593e-03 2.785726957091881895e-01
4.095606141860677618e-02 4.425632601592056209e-03 2.778650358222587990e-01
4.057975238676429092e-02 4.885739645526630467e-03 2.774454847197198593e-01
4.095606141860677618e-02 4.425632601592056209e-03 2.778650358222587990e-01
4.056584094662169654e-02 4.667632116354661700e-03 2.780124835372630443e-01
4.050004214351127924e-02 4.712075083945200214e-03 2.779808524333265973e-01
4.056584094662169654e-02 4.667632116354661700e-03 2.780124835372630443e-01
4.071119874055727922e-02 4.738854389480138055e-03 2.770980729019654198e-01
4.056584094662169654e-02 4.667632116354661700e-03 2.780124835372630443e-01
4.095606141860677618e-02 4.425632601592056209e-03 2.778650358222587990e-01
4.080574824525708827e-02 4.627570603280340734e-03 2.784386039950972891e-01
4.064260774259248477e-02 4.794867990244349593e-03 2.785726957091881895e-01
4.057975238676429092e-02 4.885739645526630467e-03 2.774454847197198593e-01
4.056584094662169654e-02 4.667632116354661700e-03 2.780124835372630443e-01
4.095606141860677618e-02 4.425632601592056209e-03 2.778650358222587990e-01
4.095606141860677618e-02 4.425632601592056209e-03 2.778650358222587990e-01
4.071119874055727922e-02 4.738854389480138055e-03 2.770980729019654198e-01
4.056584094662169654e-02 4.667632116354661700e-03 2.780124835372630443e-01
4.049654037484842067e-02 4.765718773283579048e-03 2.768043918243784374e-01
4.056584094662169654e-02 4.667632116354661700e-03 2.780124835372630443e-01
4.056584094662169654e-02 4.667632116354661700e-03 2.780124835372630443e-01
4.095606141860677618e-02 4.425632601592056209e-03 2.778650358222587990e-01
4.064260774259248477e-02 4.794867990244349593e-03 2.785726957091881895e-01
4.056584094662169654e-02 4.667632116354661700e-03 2.780124835372630443e-01
4.080574824525708827e-02 4.627570603280340734e-03 2.784386039950972891e-01
4.064260774259248477e-02 4.794867990244349593e-03 2.785726957091881895e-01
4.056584094662169654e-02 4.667632116354661700e-03 2.780124835372630443e-01
4.095606141860677618e-02 4.425632601592056209e-03 2.778650358222587990e-01
4.071119874055727922e-02 4.738854389480138055e-03 2.770980729019654198e-01
4.089036614916062573e-02 4.745467939661089131e-03 2.790472600965893113e-01
4.056584094662169654e-02 4.667632116354661700e-03 2.780124835372630443e-01
4.056584094662169654e-02 4.667632116354661700e-03 2.780124835372630443e-01
4.049654037484842067e-02 4.765718773283579048e-03 2.768043918243784374e-01
4.095606141860677618e-02 4.425632601592056209e-03 2.778650358222587990e-01
4.071119874055727922e-02 4.738854389480138055e-03 2.770980729019654198e-01
4.056584094662169654e-02 4.667632116354661700e-03 2.780124835372630443e-01
4.071119874055727922e-02 4.738854389480138055e-03 2.770980729019654198e-01
4.080574824525708827e-02 4.627570603280340734e-03 2.784386039950972891e-01
4.095606141860677618e-02 4.425632601592056209e-03 2.778650358222587990e-01
4.056584094662169654e-02 4.667632116354661700e-03 2.780124835372630443e-01
4.095606141860677618e-02 4.425632601592056209e-03 2.778650358222587990e-01
4.056584094662169654e-02 4.667632116354661700e-03 2.780124835372630443e-01
4.080574824525708827e-02 4.627570603280340734e-03 2.784386039950972891e-01
4.075452129000575741e-02 4.446939693610070000e-03 2.776488195512543666e-01
4.049654037484842067e-02 4.765718773283579048e-03 2.768043918243784374e-01
4.095606141860677618e-02 4.425632601592056209e-03 2.778650358222587990e-01
4.049654037484842067e-02 4.765718773283579048e-03 2.768043918243784374e-01
4.056584094662169654e-02 4.667632116354661700e-03 2.780124835372630443e-01
4.050004214351127924e-02 4.712075083945200214e-03 2.779808524333265973e-01
4.086785285926142902e-02 4.517495447399281529e-03 2.796714456175787844e-01
4.080574824525708827e-02 4.627570603280340734e-03 2.784386039950972891e-01
4.056584094662169654e-02 4.667632116354661700e-03 2.780124835372630443e-01
4.057975238676429092e-02 4.885739645526630467e-03 2.774454847197198593e-01
4.080574824525708827e-02 4.627570603280340734e-03 2.784386039950972891e-01
4.056584094662169654e-02 4.667632116354661700e-03 2.780124835372630443e-01
4.080574824525708827e-02 4.627570603280340734e-03 2.784386039950972891e-01
4.064260774259248477e-02 4.794867990244349593e-03 2.785726957091881895e-01
4.104641151123875759e-02 4.528923763356412606e-03 2.785179370683335542e-01
4.060872218571330572e-02 4.570947038960463879e-03 2.789545089583794768e-01
4.056584094662169654e-02 4.667632116354661700e-03 2.780124835372630443e-01
4.056584094662169654e-02 4.667632116354661700e-03 2.780124835372630443e-01
4.080574824525708827e-02 4.627570603280340734e-03 2.784386039950972891e-01
4.080574824525708827e-02 4.627570603280340734e-03 2.784386039950972891e-01
4.049654037484842067e-02 4.765718773283579048e-03 2.768043918243784374e-01
4.050004214351127924e-02 4.712075083945200214e-03 2.779808524333265973e-01
4.080574824525708827e-02 4.627570603280340734e-03 2.784386039950972891e-01
4.056584094662169654e-02 4.667632116354661700e-03 2.780124835372630443e-01
4.089036614916062573e-02 4.745467939661089131e-03 2.790472600965893113e-01
4.049654037484842067e-02 4.765718773283579048e-03 2.768043918243784374e-01
4.080574824525708827e-02 4.627570603280340734e-03 2.784386039950972891e-01
4.056584094662169654e-02 4.667632116354661700e-03 2.780124835372630443e-01
4.049654037484842067e-02 4.765718773283579048e-03 2.768043918243784374e-01
4.071119874055727922e-02 4.738854389480138055e-03 2.770980729019654198e-01
4.049654037484842067e-02 4.765718773283579048e-03 2.768043918243784374e-01
4.056584094662169654e-02 4.667632116354661700e-03 2.780124835372630443e-01
4.080574824525708827e-02 4.627570603280340734e-03 2.784386039950972891e-01
4.080017880010060327e-02 4.852767217064713444e-03 2.777805827847983355e-01
4.071119874055727922e-02 4.738854389480138055e-03 2.770980729019654198e-01
4.049654037484842067e-02 4.765718773283579048e-03 2.768043918243784374e-01
4.056584094662169654e-02 4.667632116354661700e-03 2.780124835372630443e-01
4.049654037484842067e-02 4.765718773283579048e-03 2.768043918243784374e-01
4.057584211836109261e-02 4.839428798359035784e-03 2.785881204354958562e-01
4.049654037484842067e-02 4.765718773283579048e-03 2.768043918243784374e-01
4.080574824525708827e-02 4.627570603280340734e-03 2.784386039950972891e-01
4.056584094662169654e-02 4.667632116354661700e-03 2.780124835372630443e-01
4.087291632252981061e-02 4.486380725545334631e-03 2.777423801931300229e-01
4.049654037484842067e-02 4.765718773283579048e-03 2.768043918243784374e-01
4.049654037484842067e-02 4.765718773283579048e-03 2.768043918243784374e-01
4.064260774259248477e-02 4.794867990244349593e-03 2.785726957091881895e-01
4.095606141860677618e-02 4.425632601592056209e-03 2.778650358222587990e-01
4.071119874055727922e-02 4.738854389480138055e-03 2.770980729019654198e-01
4.060872218571330572e-02 4.570947038960463879e-03 2.789545089583794768e-01
4.080574824525708827e-02 4.627570603280340734e-03 2.784386039950972891e-01
4.104641151123875759e-02 4.528923763356412606e-03 2.785179370683335542e-01
4.056584094662169654e-02 4.667632116354661700e-03 2.780124835372630443e-01
4.049654037484842067e-02 4.765718773283579048e-03 2.768043918243784374e-01
4.064260774259248477e-02 4.794867990244349593e-03 2.785726957091881895e-01
4.064260774259248477e-02 4.794867990244349593e-03 2.785726957091881895e-01
4.080017880010060327e-02 4.852767217064713444e-03 2.777805827847983355e-01
4.080574824525708827e-02 4.627570603280340734e-03 2.784386039950972891e-01
4.080574824525708827e-02 4.627570603280340734e-03 2.784386039950972891e-01
4.056584094662169654e-02 4.667632116354661700e-03 2.780124835372630443e-01
4.071119874055727922e-02 4.738854389480138055e-03 2.770980729019654198e-01
4.056584094662169654e-02 4.667632116354661700e-03 2.780124835372630443e-01
4.056584094662169654e-02 4.667632116354661700e-03 2.780124835372630443e-01
4.049654037484842067e-02 4.765718773283579048e-03 2.768043918243784374e-01
4.056584094662169654e-02 4.667632116354661700e-03 2.780124835372630443e-01
4.056584094662169654e-02 4.667632116354661700e-03 2.780124835372630443e-01
4.104641151123875759e-02 4.528923763356412606e-03 2.785179370683335542e-01
4.049654037484842067e-02 4.765718773283579048e-03 2.768043918243784374e-01
4.056584094662169654e-02 4.667632116354661700e-03 2.780124835372630443e-01
4.057975238676429092e-02 4.885739645526630467e-03 2.774454847197198593e-01
4.056584094662169654e-02 4.667632116354661700e-03 2.780124835372630443e-01
4.080017880010060327e-02 4.852767217064713444e-03 2.777805827847983355e-01
4.080574824525708827e-02 4.627570603280340734e-03 2.784386039950972891e-01
4.064260774259248477e-02 4.794867990244349593e-03 2.785726957091881895e-01
4.056584094662169654e-02 4.667632116354661700e-03 2.780124835372630443e-01
4.056584094662169654e-02 4.667632116354661700e-03 2.780124835372630443e-01
4.071119874055727922e-02 4.738854389480138055e-03 2.770980729019654198e-01
4.080574824525708827e-02 4.627570603280340734e-03 2.784386039950972891e-01
4.049654037484842067e-02 4.765718773283579048e-03 2.768043918243784374e-01
4.095606141860677618e-02 4.425632601592056209e-03 2.778650358222587990e-01
4.056584094662169654e-02 4.667632116354661700e-03 2.780124835372630443e-01
4.056584094662169654e-02 4.667632116354661700e-03 2.780124835372630443e-01
4.049654037484842067e-02 4.765718773283579048e-03 2.768043918243784374e-01
4.080574824525708827e-02 4.627570603280340734e-03 2.784386039950972891e-01
4.071119874055727922e-02 4.738854389480138055e-03 2.770980729019654198e-01
4.080574824525708827e-02 4.627570603280340734e-03 2.784386039950972891e-01
4.064260774259248477e-02 4.794867990244349593e-03 2.785726957091881895e-01
4.064260774259248477e-02 4.794867990244349593e-03 2.785726957091881895e-01
4.049654037484842067e-02 4.765718773283579048e-03 2.768043918243784374e-01
4.056584094662169654e-02 4.667632116354661700e-03 2.780124835372630443e-01
4.075452129000575741e-02 4.446939693610070000e-03 2.776488195512543666e-01
4.095606141860677618e-02 4.425632601592056209e-03 2.778650358222587990e-01
4.084289948967768230e-02 4.554589399554329239e-03 2.782719002764063032e-01
4.056584094662169654e-02 4.667632116354661700e-03 2.780124835372630443e-01
4.057975238676429092e-02 4.885739645526630467e-03 2.774454847197198593e-01
4.049654037484842067e-02 4.765718773283579048e-03 2.768043918243784374e-01
4.056584094662169654e-02 4.667632116354661700e-03 2.780124835372630443e-01
4.080574824525708827e-02 4.627570603280340734e-03 2.784386039950972891e-01
4.064260774259248477e-02 4.794867990244349593e-03 2.785726957091881895e-01
4.056584094662169654e-02 4.667632116354661700e-03 2.780124835372630443e-01
4.064260774259248477e-02 4.794867990244349593e-03 2.785726957091881895e-01
4.056584094662169654e-02 4.667632116354661700e-03 2.780124835372630443e-01
4.071119874055727922e-02 4.738854389480138055e-03 2.770980729019654198e-01
4.056584094662169654e-02 4.667632116354661700e-03 2.780124835372630443e-01
4.056584094662169654e-02 4.667632116354661700e-03 2.780124835372630443e-01
4.056584094662169654e-02 4.667632116354661700e-03 2.780124835372630443e-01
4.056584094662169654e-02 4.667632116354661700e-03 2.780124835372630443e-01
4.056584094662169654e-02 4.667632116354661700e-03 2.780124835372630443e-01
4.080574824525708827e-02 4.627570603280340734e-03 2.784386039950972891e-01
4.056584094662169654e-02 4.667632116354661700e-03 2.780124835372630443e-01
4.049654037484842067e-02 4.765718773283579048e-03 2.768043918243784374e-01
4.095606141860677618e-02 4.425632601592056209e-03 2.778650358222587990e-01
4.052952238562500253e-02 4.679239758075574504e-03 2.776591597610848505e-01
4.056584094662169654e-02 4.667632116354661700e-03 2.780124835372630443e-01
4.080574824525708827e-02 4.627570603280340734e-03 2.784386039950972891e-01
4.064260774259248477e-02 4.794867990244349593e-03 2.785726957091881895e-01
4.056584094662169654e-02 4.667632116354661700e-03 2.780124835372630443e-01
4.056584094662169654e-02 4.667632116354661700e-03 2.780124835372630443e-01
4.080574824525708827e-02 4.627570603280340734e-03 2.784386039950972891e-01
4.056584094662169654e-02 4.667632116354661700e-03 2.780124835372630443e-01
4.049654037484842067e-02 4.765718773283579048e-03 2.768043918243784374e-01
4.056584094662169654e-02 4.667632116354661700e-03 2.780124835372630443e-01
4.056584094662169654e-02 4.667632116354661700e-03 2.780124835372630443e-01
4.071119874055727922e-02 4.738854389480138055e-03 2.770980729019654198e-01
4.056584094662169654e-02 4.667632116354661700e-03 2.780124835372630443e-01
4.071119874055727922e-02 4.738854389480138055e-03 2.770980729019654198e-01
4.049654037484842067e-02 4.765718773283579048e-03 2.768043918243784374e-01
4.049654037484842067e-02 4.765718773283579048e-03 2.768043918243784374e-01
4.049654037484842067e-02 4.765718773283579048e-03 2.768043918243784374e-01
4.056584094662169654e-02 4.667632116354661700e-03 2.780124835372630443e-01
4.056584094662169654e-02 4.667632116354661700e-03 2.780124835372630443e-01
4.050004214351127924e-02 4.712075083945200214e-03 2.779808524333265973e-01
4.057975238676429092e-02 4.885739645526630467e-03 2.774454847197198593e-01
4.057584211836109261e-02 4.839428798359035784e-03 2.785881204354958562e-01
4.056584094662169654e-02 4.667632116354661700e-03 2.780124835372630443e-01
4.080574824525708827e-02 4.627570603280340734e-03 2.784386039950972891e-01
4.089036614916062573e-02 4.745467939661089131e-03 2.790472600965893113e-01
4.056584094662169654e-02 4.667632116354661700e-03 2.780124835372630443e-01
4.056584094662169654e-02 4.667632116354661700e-03 2.780124835372630443e-01
4.056584094662169654e-02 4.667632116354661700e-03 2.780124835372630443e-01
4.056584094662169654e-02 4.667632116354661700e-03 2.780124835372630443e-01
4.056584094662169654e-02 4.667632116354661700e-03 2.780124835372630443e-01
4.049654037484842067e-02 4.765718773283579048e-03 2.768043918243784374e-01
4.089036614916062573e-02 4.745467939661089131e-03 2.790472600965893113e-01
4.056584094662169654e-02 4.667632116354661700e-03 2.780124835372630443e-01
4.049654037484842067e-02 4.765718773283579048e-03 2.768043918243784374e-01
4.064260774259248477e-02 4.794867990244349593e-03 2.785726957091881895e-01
4.089036614916062573e-02 4.745467939661089131e-03 2.790472600965893113e-01
4.056584094662169654e-02 4.667632116354661700e-03 2.780124835372630443e-01
4.056584094662169654e-02 4.667632116354661700e-03 2.780124835372630443e-01
4.056584094662169654e-02 4.667632116354661700e-03 2.780124835372630443e-01
4.080574824525708827e-02 4.627570603280340734e-03 2.784386039950972891e-01
4.049654037484842067e-02 4.765718773283579048e-03 2.768043918243784374e-01
4.050004214351127924e-02 4.712075083945200214e-03 2.779808524333265973e-01
4.056584094662169654e-02 4.667632116354661700e-03 2.780124835372630443e-01
4.056584094662169654e-02 4.667632116354661700e-03 2.780124835372630443e-01
4.056584094662169654e-02 4.667632116354661700e-03 2.780124835372630443e-01
4.056584094662169654e-02 4.667632116354661700e-03 2.780124835372630443e-01
4.080574824525708827e-02 4.627570603280340734e-03 2.784386039950972891e-01
4.071119874055727922e-02 4.738854389480138055e-03 2.770980729019654198e-01
4.041803977432300438e-02 4.809464821117267336e-03 2.767057422994528837e-01
4.056584094662169654e-02 4.667632116354661700e-03 2.780124835372630443e-01
4.056584094662169654e-02 4.667632116354661700e-03 2.780124835372630443e-01
4.056584094662169654e-02 4.667632116354661700e-03 2.780124835372630443e-01
4.052952238562500253e-02 4.679239758075574504e-03 2.776591597610848505e-01
4.064260774259248477e-02 4.794867990244349593e-03 2.785726957091881895e-01
4.049654037484842067e-02 4.765718773283579048e-03 2.768043918243784374e-01
4.049654037484842067e-02 4.765718773283579048e-03 2.768043918243784374e-01
4.056584094662169654e-02 4.667632116354661700e-03 2.780124835372630443e-01
4.049654037484842067e-02 4.765718773283579048e-03 2.768043918243784374e-01
4.056584094662169654e-02 4.667632116354661700e-03 2.780124835372630443e-01
4.056584094662169654e-02 4.667632116354661700e-03 2.780124835372630443e-01
4.056584094662169654e-02 4.667632116354661700e-03 2.780124835372630443e-01
4.080574824525708827e-02 4.627570603280340734e-03 2.784386039950972891e-01
4.049654037484842067e-02 4.765718773283579048e-03 2.768043918243784374e-01
4.056584094662169654e-02 4.667632116354661700e-03 2.780124835372630443e-01
4.049654037484842067e-02 4.765718773283579048e-03 2.768043918243784374e-01
4.049654037484842067e-02 4.765718773283579048e-03 2.768043918243784374e-01
4.050004214351127924e-02 4.712075083945200214e-03 2.779808524333265973e-01
4.056584094662169654e-02 4.667632116354661700e-03 2.780124835372630443e-01
4.056584094662169654e-02 4.667632116354661700e-03 2.780124835372630443e-01
4.081393763835457905e-02 4.801504770951992192e-03 2.789881404878244986e-01
4.080574824525708827e-02 4.627570603280340734e-03 2.784386039950972891e-01
4.041803977432300438e-02 4.809464821117267336e-03 2.767057422994528837e-01
4.056584094662169654e-02 4.667632116354661700e-03 2.780124835372630443e-01
4.064260774259248477e-02 4.794867990244349593e-03 2.785726957091881895e-01
4.080574824525708827e-02 4.627570603280340734e-03 2.784386039950972891e-01
4.056584094662169654e-02 4.667632116354661700e-03 2.780124835372630443e-01
4.056584094662169654e-02 4.667632116354661700e-03 2.780124835372630443e-01
4.049654037484842067e-02 4.765718773283579048e-03 2.768043918243784374e-01
4.056584094662169654e-02 4.667632116354661700e-03 2.780124835372630443e-01
4.049654037484842067e-02 4.765718773283579048e-03 2.768043918243784374e-01
4.056584094662169654e-02 4.667632116354661700e-03 2.780124835372630443e-01
4.049654037484842067e-02 4.765718773283579048e-03 2.768043918243784374e-01
4.056584094662169654e-02 4.667632116354661700e-03 2.780124835372630443e-01
4.056584094662169654e-02 4.667632116354661700e-03 2.780124835372630443e-01
4.056584094662169654e-02 4.667632116354661700e-03 2.780124835372630443e-01
4.056584094662169654e-02 4.667632116354661700e-03 2.780124835372630443e-01
4.053753567552034059e-02 4.694007594753380266e-03 2.767368958267665269e-01
4.057975238676429092e-02 4.885739645526630467e-03 2.774454847197198593e-01
4.095606141860677618e-02 4.425632601592056209e-03 2.778650358222587990e-01
4.056584094662169654e-02 4.667632116354661700e-03 2.780124835372630443e-01
4.064260774259248477e-02 4.794867990244349593e-03 2.785726957091881895e-01
4.084289948967768230e-02 4.554589399554329239e-03 2.782719002764063032e-01
4.064260774259248477e-02 4.794867990244349593e-03 2.785726957091881895e-01
4.089036614916062573e-02 4.745467939661089131e-03 2.790472600965893113e-01
4.049654037484842067e-02 4.765718773283579048e-03 2.768043918243784374e-01
4.049654037484842067e-02 4.765718773283579048e-03 2.768043918243784374e-01
4.056584094662169654e-02 4.667632116354661700e-03 2.780124835372630443e-01
4.056584094662169654e-02 4.667632116354661700e-03 2.780124835372630443e-01
4.056584094662169654e-02 4.667632116354661700e-03 2.780124835372630443e-01
4.056584094662169654e-02 4.667632116354661700e-03 2.780124835372630443e-01
4.049654037484842067e-02 4.765718773283579048e-03 2.768043918243784374e-01
4.056584094662169654e-02 4.667632116354661700e-03 2.780124835372630443e-01
4.080574824525708827e-02 4.627570603280340734e-03 2.784386039950972891e-01
4.041803977432300438e-02 4.809464821117267336e-03 2.767057422994528837e-01
4.056584094662169654e-02 4.667632116354661700e-03 2.780124835372630443e-01
4.049654037484842067e-02 4.765718773283579048e-03 2.768043918243784374e-01
4.057975238676429092e-02 4.885739645526630467e-03 2.774454847197198593e-01
4.056584094662169654e-02 4.667632116354661700e-03 2.780124835372630443e-01
4.064260774259248477e-02 4.794867990244349593e-03 2.785726957091881895e-01
4.050180042688001497e-02 4.931233768070010515e-03 2.773904844417922066e-01
4.049654037484842067e-02 4.765718773283579048e-03 2.768043918243784374e-01
4.041803977432300438e-02 4.809464821117267336e-03 2.767057422994528837e-01
4.080574824525708827e-02 4.627570603280340734e-03 2.784386039950972891e-01
4.049654037484842067e-02 4.765718773283579048e-03 2.768043918243784374e-01
4.056584094662169654e-02 4.667632116354661700e-03 2.780124835372630443e-01
4.056584094662169654e-02 4.667632116354661700e-03 2.780124835372630443e-01
4.049654037484842067e-02 4.765718773283579048e-03 2.768043918243784374e-01
4.049654037484842067e-02 4.765718773283579048e-03 2.768043918243784374e-01
4.064260774259248477e-02 4.794867990244349593e-03 2.785726957091881895e-01
4.049654037484842067e-02 4.765718773283579048e-03 2.768043918243784374e-01
4.056584094662169654e-02 4.667632116354661700e-03 2.780124835372630443e-01
4.050004214351127924e-02 4.712075083945200214e-03 2.779808524333265973e-01
4.056584094662169654e-02 4.667632116354661700e-03 2.780124835372630443e-01
4.073213848248363744e-02 4.657685707155478222e-03 2.778870381149313173e-01
4.064260774259248477e-02 4.794867990244349593e-03 2.785726957091881895e-01
4.064260774259248477e-02 4.794867990244349593e-03 2.785726957091881895e-01
4.057584211836109261e-02 4.839428798359035784e-03 2.785881204354958562e-01
4.064260774259248477e-02 4.794867990244349593e-03 2.785726957091881895e-01
4.057975238676429092e-02 4.885739645526630467e-03 2.774454847197198593e-01
4.057584211836109261e-02 4.839428798359035784e-03 2.785881204354958562e-01
4.049654037484842067e-02 4.765718773283579048e-03 2.768043918243784374e-01
4.049654037484842067e-02 4.765718773283579048e-03 2.768043918243784374e-01
4.049654037484842067e-02 4.765718773283579048e-03 2.768043918243784374e-01
4.049654037484842067e-02 4.765718773283579048e-03 2.768043918243784374e-01
4.056584094662169654e-02 4.667632116354661700e-03 2.780124835372630443e-01
4.056584094662169654e-02 4.667632116354661700e-03 2.780124835372630443e-01
4.049654037484842067e-02 4.765718773283579048e-03 2.768043918243784374e-01
4.056584094662169654e-02 4.667632116354661700e-03 2.780124835372630443e-01
4.064260774259248477e-02 4.794867990244349593e-03 2.785726957091881895e-01
4.056584094662169654e-02 4.667632116354661700e-03 2.780124835372630443e-01
4.056584094662169654e-02 4.667632116354661700e-03 2.780124835372630443e-01
4.056584094662169654e-02 4.667632116354661700e-03 2.780124835372630443e-01
4.049654037484842067e-02 4.765718773283579048e-03 2.768043918243784374e-01
4.056584094662169654e-02 4.667632116354661700e-03 2.780124835372630443e-01
4.056584094662169654e-02 4.667632116354661700e-03 2.780124835372630443e-01
4.080574824525708827e-02 4.627570603280340734e-03 2.784386039950972891e-01
4.060872218571330572e-02 4.570947038960463879e-03 2.789545089583794768e-01
4.050004214351127924e-02 4.712075083945200214e-03 2.779808524333265973e-01
4.071119874055727922e-02 4.738854389480138055e-03 2.770980729019654198e-01
4.049654037484842067e-02 4.765718773283579048e-03 2.768043918243784374e-01
4.056584094662169654e-02 4.667632116354661700e-03 2.780124835372630443e-01
4.056584094662169654e-02 4.667632116354661700e-03 2.780124835372630443e-01
4.056584094662169654e-02 4.667632116354661700e-03 2.780124835372630443e-01
4.049654037484842067e-02 4.765718773283579048e-03 2.768043918243784374e-01
4.056584094662169654e-02 4.667632116354661700e-03 2.780124835372630443e-01
4.056584094662169654e-02 4.667632116354661700e-03 2.780124835372630443e-01
4.052952238562500253e-02 4.679239758075574504e-03 2.776591597610848505e-01
4.056584094662169654e-02 4.667632116354661700e-03 2.780124835372630443e-01
4.049654037484842067e-02 4.765718773283579048e-03 2.768043918243784374e-01
4.050004214351127924e-02 4.712075083945200214e-03 2.779808524333265973e-01
4.064260774259248477e-02 4.794867990244349593e-03 2.785726957091881895e-01
4.066260761746350039e-02 4.716193654776361203e-03 2.794923544822961459e-01
4.049654037484842067e-02 4.765718773283579048e-03 2.768043918243784374e-01
4.056584094662169654e-02 4.667632116354661700e-03 2.780124835372630443e-01
4.056584094662169654e-02 4.667632116354661700e-03 2.780124835372630443e-01
4.056584094662169654e-02 4.667632116354661700e-03 2.780124835372630443e-01
4.056584094662169654e-02 4.667632116354661700e-03 2.780124835372630443e-01
4.080574824525708827e-02 4.627570603280340734e-03 2.784386039950972891e-01
4.050004214351127924e-02 4.712075083945200214e-03 2.779808524333265973e-01
4.057584211836109261e-02 4.839428798359035784e-03 2.785881204354958562e-01
4.057975238676429092e-02 4.885739645526630467e-03 2.774454847197198593e-01
4.056584094662169654e-02 4.667632116354661700e-03 2.780124835372630443e-01
4.056584094662169654e-02 4.667632116354661700e-03 2.780124835372630443e-01
4.049654037484842067e-02 4.765718773283579048e-03 2.768043918243784374e-01
4.071119874055727922e-02 4.738854389480138055e-03 2.770980729019654198e-01
4.049654037484842067e-02 4.765718773283579048e-03 2.768043918243784374e-01
4.049654037484842067e-02 4.765718773283579048e-03 2.768043918243784374e-01
4.056584094662169654e-02 4.667632116354661700e-03 2.780124835372630443e-01
4.049654037484842067e-02 4.765718773283579048e-03 2.768043918243784374e-01
4.049654037484842067e-02 4.765718773283579048e-03 2.768043918243784374e-01
4.049654037484842067e-02 4.765718773283579048e-03 2.768043918243784374e-01
4.057975238676429092e-02 4.885739645526630467e-03 2.774454847197198593e-01
4.060872218571330572e-02 4.570947038960463879e-03 2.789545089583794768e-01
4.057975238676429092e-02 4.885739645526630467e-03 2.774454847197198593e-01
4.056584094662169654e-02 4.667632116354661700e-03 2.780124835372630443e-01
4.049654037484842067e-02 4.765718773283579048e-03 2.768043918243784374e-01
4.049654037484842067e-02 4.765718773283579048e-03 2.768043918243784374e-01
4.052952238562500253e-02 4.679239758075574504e-03 2.776591597610848505e-01
4.049654037484842067e-02 4.765718773283579048e-03 2.768043918243784374e-01
4.056584094662169654e-02 4.667632116354661700e-03 2.780124835372630443e-01
4.056584094662169654e-02 4.667632116354661700e-03 2.780124835372630443e-01
4.080574824525708827e-02 4.627570603280340734e-03 2.784386039950972891e-01
4.056584094662169654e-02 4.667632116354661700e-03 2.780124835372630443e-01
4.080574824525708827e-02 4.627570603280340734e-03 2.784386039950972891e-01
4.049654037484842067e-02 4.765718773283579048e-03 2.768043918243784374e-01
4.056584094662169654e-02 4.667632116354661700e-03 2.780124835372630443e-01
4.080574824525708827e-02 4.627570603280340734e-03 2.784386039950972891e-01
4.056584094662169654e-02 4.667632116354661700e-03 2.780124835372630443e-01
4.064260774259248477e-02 4.794867990244349593e-03 2.785726957091881895e-01
4.071119874055727922e-02 4.738854389480138055e-03 2.770980729019654198e-01
4.049654037484842067e-02 4.765718773283579048e-03 2.768043918243784374e-01
4.056584094662169654e-02 4.667632116354661700e-03 2.780124835372630443e-01
4.049654037484842067e-02 4.765718773283579048e-03 2.768043918243784374e-01
4.062483073017838370e-02 4.787519605850116232e-03 2.769439237150342348e-01
4.056584094662169654e-02 4.667632116354661700e-03 2.780124835372630443e-01
4.057975238676429092e-02 4.885739645526630467e-03 2.774454847197198593e-01
4.056584094662169654e-02 4.667632116354661700e-03 2.780124835372630443e-01
4.095606141860677618e-02 4.425632601592056209e-03 2.778650358222587990e-01
4.056584094662169654e-02 4.667632116354661700e-03 2.780124835372630443e-01
4.060872218571330572e-02 4.570947038960463879e-03 2.789545089583794768e-01
4.049654037484842067e-02 4.765718773283579048e-03 2.768043918243784374e-01
4.049654037484842067e-02 4.765718773283579048e-03 2.768043918243784374e-01
4.056584094662169654e-02 4.667632116354661700e-03 2.780124835372630443e-01
4.041803977432300438e-02 4.809464821117267336e-03 2.767057422994528837e-01
4.049654037484842067e-02 4.765718773283579048e-03 2.768043918243784374e-01
4.049654037484842067e-02 4.765718773283579048e-03 2.768043918243784374e-01
4.049654037484842067e-02 4.765718773283579048e-03 2.768043918243784374e-01
4.056584094662169654e-02 4.667632116354661700e-03 2.780124835372630443e-01
4.056584094662169654e-02 4.667632116354661700e-03 2.780124835372630443e-01
4.064260774259248477e-02 4.794867990244349593e-03 2.785726957091881895e-01
4.049654037484842067e-02 4.765718773283579048e-03 2.768043918243784374e-01
4.056584094662169654e-02 4.667632116354661700e-03 2.780124835372630443e-01
4.062483073017838370e-02 4.787519605850116232e-03 2.769439237150342348e-01
4.056584094662169654e-02 4.667632116354661700e-03 2.780124835372630443e-01
4.049654037484842067e-02 4.765718773283579048e-03 2.768043918243784374e-01
4.080574824525708827e-02 4.627570603280340734e-03 2.784386039950972891e-01
4.080574824525708827e-02 4.627570603280340734e-03 2.784386039950972891e-01
4.080574824525708827e-02 4.627570603280340734e-03 2.784386039950972891e-01
4.049654037484842067e-02 4.765718773283579048e-03 2.768043918243784374e-01
4.080574824525708827e-02 4.627570603280340734e-03 2.784386039950972891e-01
4.056584094662169654e-02 4.667632116354661700e-03 2.780124835372630443e-01
4.049654037484842067e-02 4.765718773283579048e-03 2.768043918243784374e-01
4.041803977432300438e-02 4.809464821117267336e-03 2.767057422994528837e-01
4.056584094662169654e-02 4.667632116354661700e-03 2.780124835372630443e-01
4.041803977432300438e-02 4.809464821117267336e-03 2.767057422994528837e-01
4.041803977432300438e-02 4.809464821117267336e-03 2.767057422994528837e-01
4.060872218571330572e-02 4.570947038960463879e-03 2.789545089583794768e-01
4.056584094662169654e-02 4.667632116354661700e-03 2.780124835372630443e-01
4.056584094662169654e-02 4.667632116354661700e-03 2.780124835372630443e-01
4.060872218571330572e-02 4.570947038960463879e-03 2.789545089583794768e-01
4.056584094662169654e-02 4.667632116354661700e-03 2.780124835372630443e-01
4.080574824525708827e-02 4.627570603280340734e-03 2.784386039950972891e-01
4.057975238676429092e-02 4.885739645526630467e-03 2.774454847197198593e-01
4.064260774259248477e-02 4.794867990244349593e-03 2.785726957091881895e-01
4.064260774259248477e-02 4.794867990244349593e-03 2.785726957091881895e-01
4.080574824525708827e-02 4.627570603280340734e-03 2.784386039950972891e-01
4.071119874055727922e-02 4.738854389480138055e-03 2.770980729019654198e-01
4.080574824525708827e-02 4.627570603280340734e-03 2.784386039950972891e-01
4.056584094662169654e-02 4.667632116354661700e-03 2.780124835372630443e-01
4.080574824525708827e-02 4.627570603280340734e-03 2.784386039950972891e-01
4.064260774259248477e-02 4.794867990244349593e-03 2.785726957091881895e-01
4.056584094662169654e-02 4.667632116354661700e-03 2.780124835372630443e-01
4.049654037484842067e-02 4.765718773283579048e-03 2.768043918243784374e-01
4.056584094662169654e-02 4.667632116354661700e-03 2.780124835372630443e-01
4.049654037484842067e-02 4.765718773283579048e-03 2.768043918243784374e-01
4.056584094662169654e-02 4.667632116354661700e-03 2.780124835372630443e-01
4.080574824525708827e-02 4.627570603280340734e-03 2.784386039950972891e-01
4.052952238562500253e-02 4.679239758075574504e-03 2.776591597610848505e-01
4.080574824525708827e-02 4.627570603280340734e-03 2.784386039950972891e-01
4.052952238562500253e-02 4.679239758075574504e-03 2.776591597610848505e-01
4.056584094662169654e-02 4.667632116354661700e-03 2.780124835372630443e-01
4.095606141860677618e-02 4.425632601592056209e-03 2.778650358222587990e-01
4.056584094662169654e-02 4.667632116354661700e-03 2.780124835372630443e-01
4.049654037484842067e-02 4.765718773283579048e-03 2.768043918243784374e-01
4.056584094662169654e-02 4.667632116354661700e-03 2.780124835372630443e-01
4.049654037484842067e-02 4.765718773283579048e-03 2.768043918243784374e-01
4.049654037484842067e-02 4.765718773283579048e-03 2.768043918243784374e-01
4.049654037484842067e-02 4.765718773283579048e-03 2.768043918243784374e-01
4.057975238676429092e-02 4.885739645526630467e-03 2.774454847197198593e-01
4.080574824525708827e-02 4.627570603280340734e-03 2.784386039950972891e-01
4.041803977432300438e-02 4.809464821117267336e-03 2.767057422994528837e-01
4.041803977432300438e-02 4.809464821117267336e-03 2.767057422994528837e-01
4.049654037484842067e-02 4.765718773283579048e-03 2.768043918243784374e-01
4.056584094662169654e-02 4.667632116354661700e-03 2.780124835372630443e-01
4.050004214351127924e-02 4.712075083945200214e-03 2.779808524333265973e-01
4.064260774259248477e-02 4.794867990244349593e-03 2.785726957091881895e-01
4.075452129000575741e-02 4.446939693610070000e-03 2.776488195512543666e-01
4.064260774259248477e-02 4.794867990244349593e-03 2.785726957091881895e-01
4.080574824525708827e-02 4.627570603280340734e-03 2.784386039950972891e-01
4.086785285926142902e-02 4.517495447399281529e-03 2.796714456175787844e-01
4.056584094662169654e-02 4.667632116354661700e-03 2.780124835372630443e-01
4.056584094662169654e-02 4.667632116354661700e-03 2.780124835372630443e-01
4.049654037484842067e-02 4.765718773283579048e-03 2.768043918243784374e-01
4.050004214351127924e-02 4.712075083945200214e-03 2.779808524333265973e-01
4.089036614916062573e-02 4.745467939661089131e-03 2.790472600965893113e-01
4.056584094662169654e-02 4.667632116354661700e-03 2.780124835372630443e-01
4.071119874055727922e-02 4.738854389480138055e-03 2.770980729019654198e-01
4.056584094662169654e-02 4.667632116354661700e-03 2.780124835372630443e-01
4.049654037484842067e-02 4.765718773283579048e-03 2.768043918243784374e-01
4.049654037484842067e-02 4.765718773283579048e-03 2.768043918243784374e-01
4.064260774259248477e-02 4.794867990244349593e-03 2.785726957091881895e-01
4.056584094662169654e-02 4.667632116354661700e-03 2.780124835372630443e-01
4.089036614916062573e-02 4.745467939661089131e-03 2.790472600965893113e-01
4.050004214351127924e-02 4.712075083945200214e-03 2.779808524333265973e-01
4.056584094662169654e-02 4.667632116354661700e-03 2.780124835372630443e-01
4.050004214351127924e-02 4.712075083945200214e-03 2.779808524333265973e-01
4.056584094662169654e-02 4.667632116354661700e-03 2.780124835372630443e-01
4.056584094662169654e-02 4.667632116354661700e-03 2.780124835372630443e-01
4.057975238676429092e-02 4.885739645526630467e-03 2.774454847197198593e-01
4.056584094662169654e-02 4.667632116354661700e-03 2.780124835372630443e-01
4.049654037484842067e-02 4.765718773283579048e-03 2.768043918243784374e-01
4.057975238676429092e-02 4.885739645526630467e-03 2.774454847197198593e-01
4.049654037484842067e-02 4.765718773283579048e-03 2.768043918243784374e-01
4.057975238676429092e-02 4.885739645526630467e-03 2.774454847197198593e-01
4.056584094662169654e-02 4.667632116354661700e-03 2.780124835372630443e-01
4.049654037484842067e-02 4.765718773283579048e-03 2.768043918243784374e-01
4.064260774259248477e-02 4.794867990244349593e-03 2.785726957091881895e-01
4.071501836064517904e-02 4.904552214216605782e-03 2.776715117341094774e-01
4.052952238562500253e-02 4.679239758075574504e-03 2.776591597610848505e-01
4.056584094662169654e-02 4.667632116354661700e-03 2.780124835372630443e-01
4.080574824525708827e-02 4.627570603280340734e-03 2.784386039950972891e-01
4.049654037484842067e-02 4.765718773283579048e-03 2.768043918243784374e-01
4.057975238676429092e-02 4.885739645526630467e-03 2.774454847197198593e-01
4.064260774259248477e-02 4.794867990244349593e-03 2.785726957091881895e-01
4.049654037484842067e-02 4.765718773283579048e-03 2.768043918243784374e-01
4.073213848248363744e-02 4.657685707155478222e-03 2.778870381149313173e-01
4.050004214351127924e-02 4.712075083945200214e-03 2.779808524333265973e-01
4.057975238676429092e-02 4.885739645526630467e-03 2.774454847197198593e-01
4.056584094662169654e-02 4.667632116354661700e-03 2.780124835372630443e-01
4.064260774259248477e-02 4.794867990244349593e-03 2.785726957091881895e-01
4.049654037484842067e-02 4.765718773283579048e-03 2.768043918243784374e-01
4.056584094662169654e-02 4.667632116354661700e-03 2.780124835372630443e-01
4.049654037484842067e-02 4.765718773283579048e-03 2.768043918243784374e-01
4.064260774259248477e-02 4.794867990244349593e-03 2.785726957091881895e-01
4.049654037484842067e-02 4.765718773283579048e-03 2.768043918243784374e-01
4.080574824525708827e-02 4.627570603280340734e-03 2.784386039950972891e-01
4.056584094662169654e-02 4.667632116354661700e-03 2.780124835372630443e-01
4.056584094662169654e-02 4.667632116354661700e-03 2.780124835372630443e-01
4.041803977432300438e-02 4.809464821117267336e-03 2.767057422994528837e-01
4.049654037484842067e-02 4.765718773283579048e-03 2.768043918243784374e-01
4.080574824525708827e-02 4.627570603280340734e-03 2.784386039950972891e-01
4.080574824525708827e-02 4.627570603280340734e-03 2.784386039950972891e-01
4.049654037484842067e-02 4.765718773283579048e-03 2.768043918243784374e-01
4.056584094662169654e-02 4.667632116354661700e-03 2.780124835372630443e-01
4.057975238676429092e-02 4.885739645526630467e-03 2.774454847197198593e-01
4.056584094662169654e-02 4.667632116354661700e-03 2.780124835372630443e-01
4.056584094662169654e-02 4.667632116354661700e-03 2.780124835372630443e-01
4.050004214351127924e-02 4.712075083945200214e-03 2.779808524333265973e-01
4.049654037484842067e-02 4.765718773283579048e-03 2.768043918243784374e-01
4.044950804377842046e-02 4.582943399708553495e-03 2.760814094878126235e-01
4.089036614916062573e-02 4.745467939661089131e-03 2.790472600965893113e-01
4.049654037484842067e-02 4.765718773283579048e-03 2.768043918243784374e-01
4.056584094662169654e-02 4.667632116354661700e-03 2.780124835372630443e-01
4.056584094662169654e-02 4.667632116354661700e-03 2.780124835372630443e-01
4.056584094662169654e-02 4.667632116354661700e-03 2.780124835372630443e-01
4.064260774259248477e-02 4.794867990244349593e-03 2.785726957091881895e-01
4.064260774259248477e-02 4.794867990244349593e-03 2.785726957091881895e-01
4.056584094662169654e-02 4.667632116354661700e-03 2.780124835372630443e-01
4.089036614916062573e-02 4.745467939661089131e-03 2.790472600965893113e-01
4.057584211836109261e-02 4.839428798359035784e-03 2.785881204354958562e-01
4.060872218571330572e-02 4.570947038960463879e-03 2.789545089583794768e-01
4.056584094662169654e-02 4.667632116354661700e-03 2.780124835372630443e-01
4.080574824525708827e-02 4.627570603280340734e-03 2.784386039950972891e-01
4.049654037484842067e-02 4.765718773283579048e-03 2.768043918243784374e-01
4.049654037484842067e-02 4.765718773283579048e-03 2.768043918243784374e-01
4.056584094662169654e-02 4.667632116354661700e-03 2.780124835372630443e-01
4.056584094662169654e-02 4.667632116354661700e-03 2.780124835372630443e-01
4.056584094662169654e-02 4.667632116354661700e-03 2.780124835372630443e-01
4.056584094662169654e-02 4.667632116354661700e-03 2.780124835372630443e-01
4.080574824525708827e-02 4.627570603280340734e-03 2.784386039950972891e-01
4.056584094662169654e-02 4.667632116354661700e-03 2.780124835372630443e-01
4.056584094662169654e-02 4.667632116354661700e-03 2.780124835372630443e-01
4.064260774259248477e-02 4.794867990244349593e-03 2.785726957091881895e-01
4.064260774259248477e-02 4.794867990244349593e-03 2.785726957091881895e-01
4.049654037484842067e-02 4.765718773283579048e-03 2.768043918243784374e-01
4.049654037484842067e-02 4.765718773283579048e-03 2.768043918243784374e-01
4.056584094662169654e-02 4.667632116354661700e-03 2.780124835372630443e-01
4.041803977432300438e-02 4.809464821117267336e-03 2.767057422994528837e-01
4.057975238676429092e-02 4.885739645526630467e-03 2.774454847197198593e-01
4.049654037484842067e-02 4.765718773283579048e-03 2.768043918243784374e-01
4.057975238676429092e-02 4.885739645526630467e-03 2.774454847197198593e-01
4.080574824525708827e-02 4.627570603280340734e-03 2.784386039950972891e-01
4.056584094662169654e-02 4.667632116354661700e-03 2.780124835372630443e-01
4.057975238676429092e-02 4.885739645526630467e-03 2.774454847197198593e-01
4.056584094662169654e-02 4.667632116354661700e-03 2.780124835372630443e-01
4.057975238676429092e-02 4.885739645526630467e-03 2.774454847197198593e-01
4.056584094662169654e-02 4.667632116354661700e-03 2.780124835372630443e-01
4.057975238676429092e-02 4.885739645526630467e-03 2.774454847197198593e-01
4.071119874055727922e-02 4.738854389480138055e-03 2.770980729019654198e-01
4.080574824525708827e-02 4.627570603280340734e-03 2.784386039950972891e-01
4.080574824525708827e-02 4.627570603280340734e-03 2.784386039950972891e-01
4.049654037484842067e-02 4.765718773283579048e-03 2.768043918243784374e-01
4.056584094662169654e-02 4.667632116354661700e-03 2.780124835372630443e-01
4.049654037484842067e-02 4.765718773283579048e-03 2.768043918243784374e-01
4.080574824525708827e-02 4.627570603280340734e-03 2.784386039950972891e-01
4.057975238676429092e-02 4.885739645526630467e-03 2.774454847197198593e-01
4.089036614916062573e-02 4.745467939661089131e-03 2.790472600965893113e-01
4.057975238676429092e-02 4.885739645526630467e-03 2.774454847197198593e-01
4.049654037484842067e-02 4.765718773283579048e-03 2.768043918243784374e-01
4.049654037484842067e-02 4.765718773283579048e-03 2.768043918243784374e-01
4.064260774259248477e-02 4.794867990244349593e-03 2.785726957091881895e-01
4.056584094662169654e-02 4.667632116354661700e-03 2.780124835372630443e-01
4.056584094662169654e-02 4.667632116354661700e-03 2.780124835372630443e-01
4.049654037484842067e-02 4.765718773283579048e-03 2.768043918243784374e-01
4.080017880010060327e-02 4.852767217064713444e-03 2.777805827847983355e-01
4.049654037484842067e-02 4.765718773283579048e-03 2.768043918243784374e-01
4.086785285926142902e-02 4.517495447399281529e-03 2.796714456175787844e-01
4.049654037484842067e-02 4.765718773283579048e-03 2.768043918243784374e-01
4.056584094662169654e-02 4.667632116354661700e-03 2.780124835372630443e-01
4.049654037484842067e-02 4.765718773283579048e-03 2.768043918243784374e-01
4.056584094662169654e-02 4.667632116354661700e-03 2.780124835372630443e-01
4.049654037484842067e-02 4.765718773283579048e-03 2.768043918243784374e-01
4.056584094662169654e-02 4.667632116354661700e-03 2.780124835372630443e-01
4.050004214351127924e-02 4.712075083945200214e-03 2.779808524333265973e-01
4.056584094662169654e-02 4.667632116354661700e-03 2.780124835372630443e-01
4.049654037484842067e-02 4.765718773283579048e-03 2.768043918243784374e-01
4.056584094662169654e-02 4.667632116354661700e-03 2.780124835372630443e-01
4.052952238562500253e-02 4.679239758075574504e-03 2.776591597610848505e-01
4.071119874055727922e-02 4.738854389480138055e-03 2.770980729019654198e-01
4.056584094662169654e-02 4.667632116354661700e-03 2.780124835372630443e-01
4.049654037484842067e-02 4.765718773283579048e-03 2.768043918243784374e-01
4.064260774259248477e-02 4.794867990244349593e-03 2.785726957091881895e-01
4.056584094662169654e-02 4.667632116354661700e-03 2.780124835372630443e-01
4.056584094662169654e-02 4.667632116354661700e-03 2.780124835372630443e-01
4.064260774259248477e-02 4.794867990244349593e-03 2.785726957091881895e-01
4.052952238562500253e-02 4.679239758075574504e-03 2.776591597610848505e-01
4.049654037484842067e-02 4.765718773283579048e-03 2.768043918243784374e-01
4.056584094662169654e-02 4.667632116354661700e-03 2.780124835372630443e-01
4.080017880010060327e-02 4.852767217064713444e-03 2.777805827847983355e-01
4.057975238676429092e-02 4.885739645526630467e-03 2.774454847197198593e-01
4.056584094662169654e-02 4.667632116354661700e-03 2.780124835372630443e-01
4.080574824525708827e-02 4.627570603280340734e-03 2.784386039950972891e-01
4.056584094662169654e-02 4.667632116354661700e-03 2.780124835372630443e-01
4.050004214351127924e-02 4.712075083945200214e-03 2.779808524333265973e-01
4.060872218571330572e-02 4.570947038960463879e-03 2.789545089583794768e-01
4.057975238676429092e-02 4.885739645526630467e-03 2.774454847197198593e-01
4.056584094662169654e-02 4.667632116354661700e-03 2.780124835372630443e-01
4.064260774259248477e-02 4.794867990244349593e-03 2.785726957091881895e-01
4.080017880010060327e-02 4.852767217064713444e-03 2.777805827847983355e-01
4.064260774259248477e-02 4.794867990244349593e-03 2.785726957091881895e-01
4.057975238676429092e-02 4.885739645526630467e-03 2.774454847197198593e-01
4.049654037484842067e-02 4.765718773283579048e-03 2.768043918243784374e-01
4.073213848248363744e-02 4.657685707155478222e-03 2.778870381149313173e-01
4.080574824525708827e-02 4.627570603280340734e-03 2.784386039950972891e-01
4.057975238676429092e-02 4.885739645526630467e-03 2.774454847197198593e-01
4.056584094662169654e-02 4.667632116354661700e-03 2.780124835372630443e-01
4.080017880010060327e-02 4.852767217064713444e-03 2.777805827847983355e-01
4.064260774259248477e-02 4.794867990244349593e-03 2.785726957091881895e-01
4.064260774259248477e-02 4.794867990244349593e-03 2.785726957091881895e-01
4.050180042688001497e-02 4.931233768070010515e-03 2.773904844417922066e-01
4.073213848248363744e-02 4.657685707155478222e-03 2.778870381149313173e-01
4.071119874055727922e-02 4.738854389480138055e-03 2.770980729019654198e-01
4.056584094662169654e-02 4.667632116354661700e-03 2.780124835372630443e-01
4.049654037484842067e-02 4.765718773283579048e-03 2.768043918243784374e-01
4.049654037484842067e-02 4.765718773283579048e-03 2.768043918243784374e-01
4.056584094662169654e-02 4.667632116354661700e-03 2.780124835372630443e-01
4.056584094662169654e-02 4.667632116354661700e-03 2.780124835372630443e-01
4.056584094662169654e-02 4.667632116354661700e-03 2.780124835372630443e-01
4.056584094662169654e-02 4.667632116354661700e-03 2.780124835372630443e-01
4.049654037484842067e-02 4.765718773283579048e-03 2.768043918243784374e-01
4.049654037484842067e-02 4.765718773283579048e-03 2.768043918243784374e-01
4.049654037484842067e-02 4.765718773283579048e-03 2.768043918243784374e-01
4.049654037484842067e-02 4.765718773283579048e-03 2.768043918243784374e-01
4.049654037484842067e-02 4.765718773283579048e-03 2.768043918243784374e-01
4.049654037484842067e-02 4.765718773283579048e-03 2.768043918243784374e-01
4.056584094662169654e-02 4.667632116354661700e-03 2.780124835372630443e-01
4.056584094662169654e-02 4.667632116354661700e-03 2.780124835372630443e-01
4.056584094662169654e-02 4.667632116354661700e-03 2.780124835372630443e-01
4.056584094662169654e-02 4.667632116354661700e-03 2.780124835372630443e-01
4.049654037484842067e-02 4.765718773283579048e-03 2.768043918243784374e-01
4.041803977432300438e-02 4.809464821117267336e-03 2.767057422994528837e-01
4.049654037484842067e-02 4.765718773283579048e-03 2.768043918243784374e-01
4.057975238676429092e-02 4.885739645526630467e-03 2.774454847197198593e-01
4.049654037484842067e-02 4.765718773283579048e-03 2.768043918243784374e-01
4.049654037484842067e-02 4.765718773283579048e-03 2.768043918243784374e-01
4.056584094662169654e-02 4.667632116354661700e-03 2.780124835372630443e-01
4.049654037484842067e-02 4.765718773283579048e-03 2.768043918243784374e-01
4.056584094662169654e-02 4.667632116354661700e-03 2.780124835372630443e-01
4.095606141860677618e-02 4.425632601592056209e-03 2.778650358222587990e-01
4.049654037484842067e-02 4.765718773283579048e-03 2.768043918243784374e-01
4.064260774259248477e-02 4.794867990244349593e-03 2.785726957091881895e-01
4.057975238676429092e-02 4.885739645526630467e-03 2.774454847197198593e-01
4.049654037484842067e-02 4.765718773283579048e-03 2.768043918243784374e-01
4.056584094662169654e-02 4.667632116354661700e-03 2.780124835372630443e-01
4.041803977432300438e-02 4.809464821117267336e-03 2.767057422994528837e-01
4.056584094662169654e-02 4.667632116354661700e-03 2.780124835372630443e-01
4.056584094662169654e-02 4.667632116354661700e-03 2.780124835372630443e-01
4.056584094662169654e-02 4.667632116354661700e-03 2.780124835372630443e-01
4.049654037484842067e-02 4.765718773283579048e-03 2.768043918243784374e-01
4.056584094662169654e-02 4.667632116354661700e-03 2.780124835372630443e-01
4.056584094662169654e-02 4.667632116354661700e-03 2.780124835372630443e-01
4.089036614916062573e-02 4.745467939661089131e-03 2.790472600965893113e-01
4.057975238676429092e-02 4.885739645526630467e-03 2.774454847197198593e-01
4.041803977432300438e-02 4.809464821117267336e-03 2.767057422994528837e-01
4.080574824525708827e-02 4.627570603280340734e-03 2.784386039950972891e-01
4.056584094662169654e-02 4.667632116354661700e-03 2.780124835372630443e-01
4.056584094662169654e-02 4.667632116354661700e-03 2.780124835372630443e-01
4.064260774259248477e-02 4.794867990244349593e-03 2.785726957091881895e-01
4.056584094662169654e-02 4.667632116354661700e-03 2.780124835372630443e-01
4.049654037484842067e-02 4.765718773283579048e-03 2.768043918243784374e-01
4.050180042688001497e-02 4.931233768070010515e-03 2.773904844417922066e-01
4.071119874055727922e-02 4.738854389480138055e-03 2.770980729019654198e-01
4.061986536467784153e-02 4.597507597190117479e-03 2.779477698992104950e-01
4.060872218571330572e-02 4.570947038960463879e-03 2.789545089583794768e-01
4.080574824525708827e-02 4.627570603280340734e-03 2.784386039950972891e-01
4.056584094662169654e-02 4.667632116354661700e-03 2.780124835372630443e-01
4.049654037484842067e-02 4.765718773283579048e-03 2.768043918243784374e-01
4.056584094662169654e-02 4.667632116354661700e-03 2.780124835372630443e-01
4.056584094662169654e-02 4.667632116354661700e-03 2.780124835372630443e-01
4.056584094662169654e-02 4.667632116354661700e-03 2.780124835372630443e-01
4.056584094662169654e-02 4.667632116354661700e-03 2.780124835372630443e-01
4.089036614916062573e-02 4.745467939661089131e-03 2.790472600965893113e-01
4.056584094662169654e-02 4.667632116354661700e-03 2.780124835372630443e-01
4.057975238676429092e-02 4.885739645526630467e-03 2.774454847197198593e-01
4.049654037484842067e-02 4.765718773283579048e-03 2.768043918243784374e-01
4.056584094662169654e-02 4.667632116354661700e-03 2.780124835372630443e-01
4.056584094662169654e-02 4.667632116354661700e-03 2.780124835372630443e-01
4.049654037484842067e-02 4.765718773283579048e-03 2.768043918243784374e-01
4.050004214351127924e-02 4.712075083945200214e-03 2.779808524333265973e-01
4.089036614916062573e-02 4.745467939661089131e-03 2.790472600965893113e-01
4.056584094662169654e-02 4.667632116354661700e-03 2.780124835372630443e-01
4.056584094662169654e-02 4.667632116354661700e-03 2.780124835372630443e-01
4.071119874055727922e-02 4.738854389480138055e-03 2.770980729019654198e-01
4.056584094662169654e-02 4.667632116354661700e-03 2.780124835372630443e-01
4.049654037484842067e-02 4.765718773283579048e-03 2.768043918243784374e-01
4.080574824525708827e-02 4.627570603280340734e-03 2.784386039950972891e-01
4.080574824525708827e-02 4.627570603280340734e-03 2.784386039950972891e-01
4.064260774259248477e-02 4.794867990244349593e-03 2.785726957091881895e-01
4.080574824525708827e-02 4.627570603280340734e-03 2.784386039950972891e-01
4.041803977432300438e-02 4.809464821117267336e-03 2.767057422994528837e-01
4.056584094662169654e-02 4.667632116354661700e-03 2.780124835372630443e-01
4.056584094662169654e-02 4.667632116354661700e-03 2.780124835372630443e-01
4.041803977432300438e-02 4.809464821117267336e-03 2.767057422994528837e-01
4.056584094662169654e-02 4.667632116354661700e-03 2.780124835372630443e-01
4.080574824525708827e-02 4.627570603280340734e-03 2.784386039950972891e-01
4.056584094662169654e-02 4.667632116354661700e-03 2.780124835372630443e-01
4.056584094662169654e-02 4.667632116354661700e-03 2.780124835372630443e-01
4.049654037484842067e-02 4.765718773283579048e-03 2.768043918243784374e-01
4.059369396796725510e-02 4.576936934015225604e-03 2.790325086994379089e-01
4.056584094662169654e-02 4.667632116354661700e-03 2.780124835372630443e-01
4.056584094662169654e-02 4.667632116354661700e-03 2.780124835372630443e-01
4.056584094662169654e-02 4.667632116354661700e-03 2.780124835372630443e-01
4.049654037484842067e-02 4.765718773283579048e-03 2.768043918243784374e-01
4.056584094662169654e-02 4.667632116354661700e-03 2.780124835372630443e-01
4.049654037484842067e-02 4.765718773283579048e-03 2.768043918243784374e-01
4.056584094662169654e-02 4.667632116354661700e-03 2.780124835372630443e-01
4.104641151123875759e-02 4.528923763356412606e-03 2.785179370683335542e-01
4.064260774259248477e-02 4.794867990244349593e-03 2.785726957091881895e-01
4.049654037484842067e-02 4.765718773283579048e-03 2.768043918243784374e-01
4.057975238676429092e-02 4.885739645526630467e-03 2.774454847197198593e-01
4.080574824525708827e-02 4.627570603280340734e-03 2.784386039950972891e-01
4.056584094662169654e-02 4.667632116354661700e-03 2.780124835372630443e-01
4.080574824525708827e-02 4.627570603280340734e-03 2.784386039950972891e-01
4.080017880010060327e-02 4.852767217064713444e-03 2.777805827847983355e-01
4.056584094662169654e-02 4.667632116354661700e-03 2.780124835372630443e-01
4.086785285926142902e-02 4.517495447399281529e-03 2.796714456175787844e-01
4.056584094662169654e-02 4.667632116354661700e-03 2.780124835372630443e-01
4.056584094662169654e-02 4.667632116354661700e-03 2.780124835372630443e-01
4.049654037484842067e-02 4.765718773283579048e-03 2.768043918243784374e-01
4.049654037484842067e-02 4.765718773283579048e-03 2.768043918243784374e-01
4.056584094662169654e-02 4.667632116354661700e-03 2.780124835372630443e-01
4.049654037484842067e-02 4.765718773283579048e-03 2.768043918243784374e-01
4.050004214351127924e-02 4.712075083945200214e-03 2.779808524333265973e-01
4.049654037484842067e-02 4.765718773283579048e-03 2.768043918243784374e-01
4.049654037484842067e-02 4.765718773283579048e-03 2.768043918243784374e-01
4.080574824525708827e-02 4.627570603280340734e-03 2.784386039950972891e-01
4.059369396796725510e-02 4.576936934015225604e-03 2.790325086994379089e-01
4.056584094662169654e-02 4.667632116354661700e-03 2.780124835372630443e-01
4.080574824525708827e-02 4.627570603280340734e-03 2.784386039950972891e-01
4.056584094662169654e-02 4.667632116354661700e-03 2.780124835372630443e-01
4.071119874055727922e-02 4.738854389480138055e-03 2.770980729019654198e-01
4.056584094662169654e-02 4.667632116354661700e-03 2.780124835372630443e-01
4.056584094662169654e-02 4.667632116354661700e-03 2.780124835372630443e-01
4.056584094662169654e-02 4.667632116354661700e-03 2.780124835372630443e-01
4.056584094662169654e-02 4.667632116354661700e-03 2.780124835372630443e-01
4.071119874055727922e-02 4.738854389480138055e-03 2.770980729019654198e-01
4.056584094662169654e-02 4.667632116354661700e-03 2.780124835372630443e-01
4.056584094662169654e-02 4.667632116354661700e-03 2.780124835372630443e-01
4.041803977432300438e-02 4.809464821117267336e-03 2.767057422994528837e-01
4.056584094662169654e-02 4.667632116354661700e-03 2.780124835372630443e-01
4.056584094662169654e-02 4.667632116354661700e-03 2.780124835372630443e-01
4.080574824525708827e-02 4.627570603280340734e-03 2.784386039950972891e-01
4.056584094662169654e-02 4.667632116354661700e-03 2.780124835372630443e-01
4.049654037484842067e-02 4.765718773283579048e-03 2.768043918243784374e-01
4.056584094662169654e-02 4.667632116354661700e-03 2.780124835372630443e-01
4.056584094662169654e-02 4.667632116354661700e-03 2.780124835372630443e-01
4.080574824525708827e-02 4.627570603280340734e-03 2.784386039950972891e-01
4.049654037484842067e-02 4.765718773283579048e-03 2.768043918243784374e-01
4.041803977432300438e-02 4.809464821117267336e-03 2.767057422994528837e-01
4.080574824525708827e-02 4.627570603280340734e-03 2.784386039950972891e-01
4.056584094662169654e-02 4.667632116354661700e-03 2.780124835372630443e-01
4.056584094662169654e-02 4.667632116354661700e-03 2.780124835372630443e-01
4.064260774259248477e-02 4.794867990244349593e-03 2.785726957091881895e-01
4.056584094662169654e-02 4.667632116354661700e-03 2.780124835372630443e-01
4.072982888761431108e-02 4.681012486665797091e-03 2.783263712497642262e-01
4.064260774259248477e-02 4.794867990244349593e-03 2.785726957091881895e-01
4.071119874055727922e-02 4.738854389480138055e-03 2.770980729019654198e-01
4.056584094662169654e-02 4.667632116354661700e-03 2.780124835372630443e-01
4.060872218571330572e-02 4.570947038960463879e-03 2.789545089583794768e-01
4.049654037484842067e-02 4.765718773283579048e-03 2.768043918243784374e-01
4.080574824525708827e-02 4.627570603280340734e-03 2.784386039950972891e-01
4.056584094662169654e-02 4.667632116354661700e-03 2.780124835372630443e-01
4.056584094662169654e-02 4.667632116354661700e-03 2.780124835372630443e-01
4.056584094662169654e-02 4.667632116354661700e-03 2.780124835372630443e-01
4.052952238562500253e-02 4.679239758075574504e-03 2.776591597610848505e-01
4.056584094662169654e-02 4.667632116354661700e-03 2.780124835372630443e-01
4.080574824525708827e-02 4.627570603280340734e-03 2.784386039950972891e-01
4.057975238676429092e-02 4.885739645526630467e-03 2.774454847197198593e-01
4.052952238562500253e-02 4.679239758075574504e-03 2.776591597610848505e-01
4.049654037484842067e-02 4.765718773283579048e-03 2.768043918243784374e-01
4.049654037484842067e-02 4.765718773283579048e-03 2.768043918243784374e-01
4.056584094662169654e-02 4.667632116354661700e-03 2.780124835372630443e-01
4.056584094662169654e-02 4.667632116354661700e-03 2.780124835372630443e-01
4.064260774259248477e-02 4.794867990244349593e-03 2.785726957091881895e-01
4.056584094662169654e-02 4.667632116354661700e-03 2.780124835372630443e-01
4.056584094662169654e-02 4.667632116354661700e-03 2.780124835372630443e-01
4.056584094662169654e-02 4.667632116354661700e-03 2.780124835372630443e-01
4.056584094662169654e-02 4.667632116354661700e-03 2.780124835372630443e-01
4.057975238676429092e-02 4.885739645526630467e-03 2.774454847197198593e-01
4.049654037484842067e-02 4.765718773283579048e-03 2.768043918243784374e-01
4.089036614916062573e-02 4.745467939661089131e-03 2.790472600965893113e-01
4.049654037484842067e-02 4.765718773283579048e-03 2.768043918243784374e-01
4.057975238676429092e-02 4.885739645526630467e-03 2.774454847197198593e-01
4.049654037484842067e-02 4.765718773283579048e-03 2.768043918243784374e-01
4.056584094662169654e-02 4.667632116354661700e-03 2.780124835372630443e-01
4.056584094662169654e-02 4.667632116354661700e-03 2.780124835372630443e-01
4.057975238676429092e-02 4.885739645526630467e-03 2.774454847197198593e-01
4.049654037484842067e-02 4.765718773283579048e-03 2.768043918243784374e-01
4.056584094662169654e-02 4.667632116354661700e-03 2.780124835372630443e-01
4.056584094662169654e-02 4.667632116354661700e-03 2.780124835372630443e-01
4.049654037484842067e-02 4.765718773283579048e-03 2.768043918243784374e-01
4.056584094662169654e-02 4.667632116354661700e-03 2.780124835372630443e-01
4.057975238676429092e-02 4.885739645526630467e-03 2.774454847197198593e-01
4.057975238676429092e-02 4.885739645526630467e-03 2.774454847197198593e-01
4.049654037484842067e-02 4.765718773283579048e-03 2.768043918243784374e-01
4.049654037484842067e-02 4.765718773283579048e-03 2.768043918243784374e-01
4.056584094662169654e-02 4.667632116354661700e-03 2.780124835372630443e-01
4.095606141860677618e-02 4.425632601592056209e-03 2.778650358222587990e-01
4.071119874055727922e-02 4.738854389480138055e-03 2.770980729019654198e-01
4.059369396796725510e-02 4.576936934015225604e-03 2.790325086994379089e-01
4.064260774259248477e-02 4.794867990244349593e-03 2.785726957091881895e-01
4.056584094662169654e-02 4.667632116354661700e-03 2.780124835372630443e-01
4.089036614916062573e-02 4.745467939661089131e-03 2.790472600965893113e-01
4.056584094662169654e-02 4.667632116354661700e-03 2.780124835372630443e-01
4.064260774259248477e-02 4.794867990244349593e-03 2.785726957091881895e-01
4.064260774259248477e-02 4.794867990244349593e-03 2.785726957091881895e-01
4.056584094662169654e-02 4.667632116354661700e-03 2.780124835372630443e-01
4.049654037484842067e-02 4.765718773283579048e-03 2.768043918243784374e-01
4.064260774259248477e-02 4.794867990244349593e-03 2.785726957091881895e-01
4.056584094662169654e-02 4.667632116354661700e-03 2.780124835372630443e-01
4.049654037484842067e-02 4.765718773283579048e-03 2.768043918243784374e-01
4.056584094662169654e-02 4.667632116354661700e-03 2.780124835372630443e-01
4.064260774259248477e-02 4.794867990244349593e-03 2.785726957091881895e-01
4.056584094662169654e-02 4.667632116354661700e-03 2.780124835372630443e-01
4.049654037484842067e-02 4.765718773283579048e-03 2.768043918243784374e-01
4.056584094662169654e-02 4.667632116354661700e-03 2.780124835372630443e-01
4.075452129000575741e-02 4.446939693610070000e-03 2.776488195512543666e-01
4.052952238562500253e-02 4.679239758075574504e-03 2.776591597610848505e-01
4.049654037484842067e-02 4.765718773283579048e-03 2.768043918243784374e-01
4.056584094662169654e-02 4.667632116354661700e-03 2.780124835372630443e-01
4.049654037484842067e-02 4.765718773283579048e-03 2.768043918243784374e-01
4.056584094662169654e-02 4.667632116354661700e-03 2.780124835372630443e-01
4.080574824525708827e-02 4.627570603280340734e-03 2.784386039950972891e-01
4.049654037484842067e-02 4.765718773283579048e-03 2.768043918243784374e-01
4.056584094662169654e-02 4.667632116354661700e-03 2.780124835372630443e-01
4.064260774259248477e-02 4.794867990244349593e-03 2.785726957091881895e-01
4.056584094662169654e-02 4.667632116354661700e-03 2.780124835372630443e-01
4.052952238562500253e-02 4.679239758075574504e-03 2.776591597610848505e-01
4.056584094662169654e-02 4.667632116354661700e-03 2.780124835372630443e-01
4.056584094662169654e-02 4.667632116354661700e-03 2.780124835372630443e-01
4.080574824525708827e-02 4.627570603280340734e-03 2.784386039950972891e-01
4.056584094662169654e-02 4.667632116354661700e-03 2.780124835372630443e-01
4.056584094662169654e-02 4.667632116354661700e-03 2.780124835372630443e-01
4.104641151123875759e-02 4.528923763356412606e-03 2.785179370683335542e-01
4.056584094662169654e-02 4.667632116354661700e-03 2.780124835372630443e-01
4.049654037484842067e-02 4.765718773283579048e-03 2.768043918243784374e-01
4.057975238676429092e-02 4.885739645526630467e-03 2.774454847197198593e-01
4.056584094662169654e-02 4.667632116354661700e-03 2.780124835372630443e-01
4.049654037484842067e-02 4.765718773283579048e-03 2.768043918243784374e-01
4.062483073017838370e-02 4.787519605850116232e-03 2.769439237150342348e-01
4.049654037484842067e-02 4.765718773283579048e-03 2.768043918243784374e-01
4.056584094662169654e-02 4.667632116354661700e-03 2.780124835372630443e-01
4.049654037484842067e-02 4.765718773283579048e-03 2.768043918243784374e-01
4.056584094662169654e-02 4.667632116354661700e-03 2.780124835372630443e-01
4.080574824525708827e-02 4.627570603280340734e-03 2.784386039950972891e-01
4.080574824525708827e-02 4.627570603280340734e-03 2.784386039950972891e-01
4.056584094662169654e-02 4.667632116354661700e-03 2.780124835372630443e-01
4.049654037484842067e-02 4.765718773283579048e-03 2.768043918243784374e-01
4.057975238676429092e-02 4.885739645526630467e-03 2.774454847197198593e-01
4.064260774259248477e-02 4.794867990244349593e-03 2.785726957091881895e-01
4.056584094662169654e-02 4.667632116354661700e-03 2.780124835372630443e-01
4.080574824525708827e-02 4.627570603280340734e-03 2.784386039950972891e-01
4.056584094662169654e-02 4.667632116354661700e-03 2.780124835372630443e-01
4.049654037484842067e-02 4.765718773283579048e-03 2.768043918243784374e-01
4.056584094662169654e-02 4.667632116354661700e-03 2.780124835372630443e-01
4.056584094662169654e-02 4.667632116354661700e-03 2.780124835372630443e-01
4.049654037484842067e-02 4.765718773283579048e-03 2.768043918243784374e-01
4.056584094662169654e-02 4.667632116354661700e-03 2.780124835372630443e-01
4.057975238676429092e-02 4.885739645526630467e-03 2.774454847197198593e-01
4.049654037484842067e-02 4.765718773283579048e-03 2.768043918243784374e-01
4.052952238562500253e-02 4.679239758075574504e-03 2.776591597610848505e-01
4.049654037484842067e-02 4.765718773283579048e-03 2.768043918243784374e-01
4.049654037484842067e-02 4.765718773283579048e-03 2.768043918243784374e-01
4.049654037484842067e-02 4.765718773283579048e-03 2.768043918243784374e-01
4.071119874055727922e-02 4.738854389480138055e-03 2.770980729019654198e-01
4.049654037484842067e-02 4.765718773283579048e-03 2.768043918243784374e-01
4.057975238676429092e-02 4.885739645526630467e-03 2.774454847197198593e-01
4.080574824525708827e-02 4.627570603280340734e-03 2.784386039950972891e-01
4.080574824525708827e-02 4.627570603280340734e-03 2.784386039950972891e-01
4.064260774259248477e-02 4.794867990244349593e-03 2.785726957091881895e-01
4.056584094662169654e-02 4.667632116354661700e-03 2.780124835372630443e-01
4.056584094662169654e-02 4.667632116354661700e-03 2.780124835372630443e-01
4.064260774259248477e-02 4.794867990244349593e-03 2.785726957091881895e-01
4.060872218571330572e-02 4.570947038960463879e-03 2.789545089583794768e-01
4.049654037484842067e-02 4.765718773283579048e-03 2.768043918243784374e-01
4.056584094662169654e-02 4.667632116354661700e-03 2.780124835372630443e-01
4.056584094662169654e-02 4.667632116354661700e-03 2.780124835372630443e-01
4.049654037484842067e-02 4.765718773283579048e-03 2.768043918243784374e-01
4.049654037484842067e-02 4.765718773283579048e-03 2.768043918243784374e-01
4.049654037484842067e-02 4.765718773283579048e-03 2.768043918243784374e-01
4.064260774259248477e-02 4.794867990244349593e-03 2.785726957091881895e-01
4.056584094662169654e-02 4.667632116354661700e-03 2.780124835372630443e-01
4.057975238676429092e-02 4.885739645526630467e-03 2.774454847197198593e-01
4.056584094662169654e-02 4.667632116354661700e-03 2.780124835372630443e-01
4.052952238562500253e-02 4.679239758075574504e-03 2.776591597610848505e-01
4.056584094662169654e-02 4.667632116354661700e-03 2.780124835372630443e-01
4.056584094662169654e-02 4.667632116354661700e-03 2.780124835372630443e-01
4.056584094662169654e-02 4.667632116354661700e-03 2.780124835372630443e-01
4.080574824525708827e-02 4.627570603280340734e-03 2.784386039950972891e-01
4.080574824525708827e-02 4.627570603280340734e-03 2.784386039950972891e-01
4.056584094662169654e-02 4.667632116354661700e-03 2.780124835372630443e-01
4.056584094662169654e-02 4.667632116354661700e-03 2.780124835372630443e-01
4.056584094662169654e-02 4.667632116354661700e-03 2.780124835372630443e-01
4.080574824525708827e-02 4.627570603280340734e-03 2.784386039950972891e-01
4.056584094662169654e-02 4.667632116354661700e-03 2.780124835372630443e-01
4.049654037484842067e-02 4.765718773283579048e-03 2.768043918243784374e-01
4.056584094662169654e-02 4.667632116354661700e-03 2.780124835372630443e-01
4.057975238676429092e-02 4.885739645526630467e-03 2.774454847197198593e-01
4.049654037484842067e-02 4.765718773283579048e-03 2.768043918243784374e-01
4.056584094662169654e-02 4.667632116354661700e-03 2.780124835372630443e-01
4.086785285926142902e-02 4.517495447399281529e-03 2.796714456175787844e-01
4.056584094662169654e-02 4.667632116354661700e-03 2.780124835372630443e-01
4.064260774259248477e-02 4.794867990244349593e-03 2.785726957091881895e-01
4.056584094662169654e-02 4.667632116354661700e-03 2.780124835372630443e-01
4.049654037484842067e-02 4.765718773283579048e-03 2.768043918243784374e-01
4.050004214351127924e-02 4.712075083945200214e-03 2.779808524333265973e-01
4.049654037484842067e-02 4.765718773283579048e-03 2.768043918243784374e-01
4.056584094662169654e-02 4.667632116354661700e-03 2.780124835372630443e-01
4.080574824525708827e-02 4.627570603280340734e-03 2.784386039950972891e-01
4.056584094662169654e-02 4.667632116354661700e-03 2.780124835372630443e-01
4.056584094662169654e-02 4.667632116354661700e-03 2.780124835372630443e-01
4.056584094662169654e-02 4.667632116354661700e-03 2.780124835372630443e-01
4.056584094662169654e-02 4.667632116354661700e-03 2.780124835372630443e-01
4.071119874055727922e-02 4.738854389480138055e-03 2.770980729019654198e-01
4.056584094662169654e-02 4.667632116354661700e-03 2.780124835372630443e-01
4.080017880010060327e-02 4.852767217064713444e-03 2.777805827847983355e-01
4.064260774259248477e-02 4.794867990244349593e-03 2.785726957091881895e-01
4.049654037484842067e-02 4.765718773283579048e-03 2.768043918243784374e-01
4.064260774259248477e-02 4.794867990244349593e-03 2.785726957091881895e-01
4.071119874055727922e-02 4.738854389480138055e-03 2.770980729019654198e-01
4.050004214351127924e-02 4.712075083945200214e-03 2.779808524333265973e-01
4.056584094662169654e-02 4.667632116354661700e-03 2.780124835372630443e-01
4.062483073017838370e-02 4.787519605850116232e-03 2.769439237150342348e-01
4.071119874055727922e-02 4.738854389480138055e-03 2.770980729019654198e-01
4.049654037484842067e-02 4.765718773283579048e-03 2.768043918243784374e-01
4.071119874055727922e-02 4.738854389480138055e-03 2.770980729019654198e-01
4.056584094662169654e-02 4.667632116354661700e-03 2.780124835372630443e-01
4.049654037484842067e-02 4.765718773283579048e-03 2.768043918243784374e-01
4.049654037484842067e-02 4.765718773283579048e-03 2.768043918243784374e-01
4.056584094662169654e-02 4.667632116354661700e-03 2.780124835372630443e-01
4.049654037484842067e-02 4.765718773283579048e-03 2.768043918243784374e-01
4.056584094662169654e-02 4.667632116354661700e-03 2.780124835372630443e-01
4.052952238562500253e-02 4.679239758075574504e-03 2.776591597610848505e-01
4.056584094662169654e-02 4.667632116354661700e-03 2.780124835372630443e-01
4.056584094662169654e-02 4.667632116354661700e-03 2.780124835372630443e-01
4.056584094662169654e-02 4.667632116354661700e-03 2.780124835372630443e-01
4.056584094662169654e-02 4.667632116354661700e-03 2.780124835372630443e-01
4.056584094662169654e-02 4.667632116354661700e-03 2.780124835372630443e-01
4.049654037484842067e-02 4.765718773283579048e-03 2.768043918243784374e-01
4.056584094662169654e-02 4.667632116354661700e-03 2.780124835372630443e-01
4.080574824525708827e-02 4.627570603280340734e-03 2.784386039950972891e-01
4.071119874055727922e-02 4.738854389480138055e-03 2.770980729019654198e-01
4.056584094662169654e-02 4.667632116354661700e-03 2.780124835372630443e-01
4.056584094662169654e-02 4.667632116354661700e-03 2.780124835372630443e-01
