1.017111991208226840e+02
-9.809033406640308783e+01
1.922649459689320040e+01
1.673850768322558622e+02
8.892467097259265074e+01
-9.469693572020571537e+01
2.762200438897346189e+01
1.731742133618788841e+02
7.318362247769364615e+01
-9.186369147679671698e+01
3.481654245312524409e+01
1.878214248716893167e+02
1.013427262379863265e+02
-9.722902007117195922e+01
1.321980989566554499e+01
1.678252457535843973e+02
8.980538747400690625e+01
-9.273137526211564818e+01
1.900447562719675787e+01
1.729508379506393396e+02
7.485428439021858082e+01
-8.859571285522268624e+01
2.468519132206478162e+01
1.856553974704915788e+02
9.352961211811326336e+01
-8.465745291256671123e+01
9.002109645141466387e+00
1.692659348338112864e+02
8.340483124294010508e+01
-8.400229983839065540e+01
7.369449834707094915e+00
1.769852120637941084e+02
7.037287336756340039e+01
-8.342810539545807558e+01
5.814329296488139676e+00
1.951212622517585658e+02
8.504527539074992148e+01
-8.322733838643509330e+01
-7.222023226040767518e+00
1.751170906116681181e+02
7.555225398413234927e+01
-8.176069490640972504e+01
-9.318160687983334967e+00
1.803762959752129973e+02
6.389430019425105201e+01
-8.039257941269043783e+01
-1.138270380153955585e+01
1.933035008227392098e+02
7.574521403569524125e+01
-8.737415591195953368e+01
-7.324600011254466914e+00
1.816772905321729183e+02
6.472342228484819771e+01
-7.436638090488243336e+01
-9.966621441230170575e+00
1.895047443075696378e+02
5.033530338721472930e+01
-6.181849469027419985e+01
-1.263608018070821259e+01
2.055017668608736869e+02
8.331012880765858597e+01
-8.598984521949313375e+01
1.932399044460141369e+01
1.705381935063221306e+02
6.187311332041534939e+01
-7.064662006639824199e+01
-1.165962462015656342e+01
1.903531407062909864e+02
3.032257980975433043e+01
-5.828690444830616002e+01
-3.831636274863188873e+01
2.240281718943061833e+02
8.885092773225058238e+01
-8.024797732663242300e+01
2.947326427185191022e+01
1.588896284857960097e+02
5.653599424937411300e+01
-6.422924224099742219e+01
-1.508811221850506534e+01
1.905917828099984774e+02
7.424841664803995656e+00
-5.049660325378254555e+01
-5.012814603437404060e+01
2.365172856902002820e+02
9.150617390937780726e+01
2.497276419313810436e+02
3.875637895592566906e+01
1.419799372178474641e+02
5.151474525847992680e+01
-7.776139211437022425e+01
-2.045093295208596018e+01
1.848643903583972019e+02
-5.244707002338588886e+00
-5.297499912798623001e+01
-6.356981242082938621e+01
2.468518192183937288e+02
1.076525040655200485e+02
-1.067930747365353454e+02
4.699703665848085166e+01
1.391838848692976569e+02
5.953771823707978683e+01
-8.640936078050086167e+01
-1.496597685323142812e+01
1.803985279186044011e+02
-5.084475022377975328e+00
-6.815406885411975679e+01
-6.308818539911778345e+01
2.461012484259648261e+02
1.068990503019000329e+02
-9.966064803236945124e+01
5.308089177634921896e+01
1.595680587030662707e+02
7.414588551634766134e+01
-9.482997268759839926e+01
-1.780834317639393305e+01
1.797461091124297639e+02
2.715431686337521100e+01
-9.144856394256258625e+01
-6.793410294417036255e+01
2.224241432993623562e+02
1.123969038815359767e+02
-8.418292687708070332e+01
6.324715578780429581e+01
1.670015636717083680e+02
8.371926407673527137e+01
-6.650957587506182733e+01
-1.673996851434973721e+01
1.814787862026149980e+02
4.560578763741231256e+01
-5.300867605313624153e+01
-7.016425873844747230e+01
2.163574090639177996e+02
1.078143439000035642e+02
-6.579035950265188148e+01
7.613762791826529508e+01
1.699704604723232535e+02
9.326827199038432070e+01
-6.708454506383533555e+01
-9.438371244469385246e+00
1.839267961558455795e+02
7.788369652261162912e+01
-6.830896327488885333e+01
-6.685932624255784162e+01
2.170689244419076545e+02
1.076548986364890936e+02
-1.069928861599200189e+02
4.337744608357856890e+01
1.729557317094956943e+02
9.289353730232043915e+01
-8.475960742248567215e+01
4.810954060068883820e+00
1.860396883535864561e+02
7.636445949248798115e+01
-6.237299343493744175e+01
-3.339567970919537032e+01
2.167703888741283436e+02
8.239695151693028663e+01
2.478947839804655757e+02
4.586724232313586214e+01
1.749969532530490994e+02
7.060864885493707277e+01
-8.451282852742518514e+01
3.390434617595811662e-01
1.879936922319797645e+02
5.729588247832298720e+01
-5.794758030897941836e+01
-4.262006783379813157e+01
2.171442016734835363e+02
8.046020481014895154e+01
2.465603009356818518e+02
1.976794717423011249e+01
1.819268450617919939e+02
6.465319996141832348e+01
-9.625038911162415900e+01
1.635484469935114404e+01
1.938213341898471072e+02
3.827441086105056911e+01
-7.691764799150580245e+01
1.265003046698760691e+01
2.188385845794006741e+02
