-7.944528515833432891e+01 -8.139939061298279910e+01
-8.014648387331199331e+01 -8.200054900051004836e+01
-8.018433343396569057e+01 -8.177156912495803454e+01
-8.021505969575375161e+01 -8.183252565745203810e+01
-8.023572153495565829e+01 -8.187181525069189547e+01
-8.023393454258328461e+01 -8.191653988755567184e+01
-8.031686034874113034e+01 -8.205054082209956334e+01
-7.628192123666121915e+01 -7.673895648027939842e+01
-7.527232147639072934e+01 -7.431723072803764296e+01
-8.025257321804585331e+01 -9.875311561247205816e+01
-7.820638378010804104e+01 -7.659828418141060524e+01
-7.879221220767546185e+01 -7.552834288172815036e+01
-7.885605769882819516e+01 -7.622135853781020387e+01
-7.882526761689692307e+01 -7.622413943650313684e+01
-7.885566829306874581e+01 -7.621691522271855490e+01
