2.304582891950808232e-01 8.960862338467482147e+00
-2.546418193944919750e+00 8.620252286686813648e+00
-3.222151329236407680e+00 9.264569944382889943e+00
-7.880350376681097835e+00 5.695198505942939526e+00
-2.208653383796769898e+00 7.959445868141790115e+00
-1.409652851935926066e+01 2.656804544192074857e+01
-1.648560893161577212e+01 2.532482592993464721e+01
-2.474217159502162033e+00 1.956943920423304206e+01
5.792965152577409516e-01 2.885894604248792206e+01
7.659024187384291249e-01 3.035401196014484881e+01
7.812732737807152716e+00 3.838277324860344919e+01
-2.594726128072760929e+01 4.257714333466495304e+00
-3.104825697764907844e+01 -4.961831826695629388e+00
-3.106781467433764732e+01 -2.464098158360871871e+00
-8.048277773796236545e+00 3.289176073999436056e+01
