7.664475470089313092e+01 9.386853976432254854e+01
7.279535417081228843e+01 9.434707211574952623e+01
5.460784874892713248e+01 8.570004509714487995e+01
5.536735650886210891e+01 8.335190347401349698e+01
7.646948039722974499e+01 1.007108293246384818e+02
7.346576722798620551e+01 9.260442834916749177e+01
5.921920644153235713e+01 8.632245632901133092e+01
5.585153452685202069e+01 8.314970721392833752e+01
5.347891624680735845e+01 7.295928985087641649e+01
5.386099401246449503e+01 7.479379103823090702e+01
5.269319153057153216e+01 7.554731161097276981e+01
5.164669744480591618e+01 7.484540489969252519e+01
6.907578346053404061e+01 8.727146007623355217e+01
7.246578251383984082e+01 9.235482365451700559e+01
6.632137053473174149e+01 9.584590629746325874e+01
