3.283972596683418926e-02 7.825052889147560142e-03 1.885879984381824970e-01
3.299106835157017414e-02 7.797885826136498680e-03 1.887690630534383796e-01
3.299106835157017414e-02 7.797885826136498680e-03 1.887690630534383796e-01
3.313788117941761369e-02 7.774571737421857170e-03 1.889333153136260601e-01
3.299106835157017414e-02 7.797885826136498680e-03 1.887690630534383796e-01
3.283972596683418926e-02 7.825052889147560142e-03 1.885879984381824970e-01
3.283972596683418926e-02 7.825052889147560142e-03 1.885879984381824970e-01
3.283972596683418926e-02 7.825052889147560142e-03 1.885879984381824970e-01
3.299106835157017414e-02 7.797885826136498680e-03 1.887690630534383796e-01
3.268789760028126962e-02 7.931179296188460917e-03 1.891946298495263135e-01
3.299106835157017414e-02 7.797885826136498680e-03 1.887690630534383796e-01
3.296642948945117252e-02 7.864379112589508364e-03 1.881885099829843921e-01
3.282027027871620845e-02 7.887389082968791418e-03 1.880272570776085062e-01
3.299106835157017414e-02 7.797885826136498680e-03 1.887690630534383796e-01
3.299106835157017414e-02 7.797885826136498680e-03 1.887690630534383796e-01
3.299106835157017414e-02 7.797885826136498680e-03 1.887690630534383796e-01
3.285131888221147489e-02 7.763937423729723453e-03 1.891283684376023622e-01
3.283972596683418926e-02 7.825052889147560142e-03 1.885879984381824970e-01
3.299106835157017414e-02 7.797885826136498680e-03 1.887690630534383796e-01
3.266959875406916236e-02 7.913965095053179105e-03 1.878496806616553050e-01
3.266959875406916236e-02 7.913965095053179105e-03 1.878496806616553050e-01
3.282027027871620845e-02 7.887389082968791418e-03 1.880272570776085062e-01
3.310866421026777834e-02 7.844796312068507554e-03 1.883349711933172133e-01
3.266959875406916236e-02 7.913965095053179105e-03 1.878496806616553050e-01
3.266959875406916236e-02 7.913965095053179105e-03 1.878496806616553050e-01
3.266959875406916236e-02 7.913965095053179105e-03 1.878496806616553050e-01
3.266959875406916236e-02 7.913965095053179105e-03 1.878496806616553050e-01
3.282027027871620845e-02 7.887389082968791418e-03 1.880272570776085062e-01
3.296642948945117252e-02 7.864379112589508364e-03 1.881885099829843921e-01
3.282027027871620845e-02 7.887389082968791418e-03 1.880272570776085062e-01
3.296642948945117252e-02 7.864379112589508364e-03 1.881885099829843921e-01
3.262447001009879249e-02 7.956537717938845164e-03 1.878529673473918749e-01
3.268312099936095116e-02 7.856153349875223679e-03 1.883881036743239867e-01
3.285131888221147489e-02 7.763937423729723453e-03 1.891283684376023622e-01
3.282027027871620845e-02 7.887389082968791418e-03 1.880272570776085062e-01
3.310866421026777834e-02 7.844796312068507554e-03 1.883349711933172133e-01
3.282027027871620845e-02 7.887389082968791418e-03 1.880272570776085062e-01
3.282027027871620845e-02 7.887389082968791418e-03 1.880272570776085062e-01
3.266959875406916236e-02 7.913965095053179105e-03 1.878496806616553050e-01
3.282027027871620845e-02 7.887389082968791418e-03 1.880272570776085062e-01
3.299106835157017414e-02 7.797885826136498680e-03 1.887690630534383796e-01
3.285131888221147489e-02 7.763937423729723453e-03 1.891283684376023622e-01
3.267789813381935526e-02 8.044666116272837508e-03 1.881736175877449235e-01
3.283972596683418926e-02 7.825052889147560142e-03 1.885879984381824970e-01
3.266959875406916236e-02 7.913965095053179105e-03 1.878496806616553050e-01
3.266959875406916236e-02 7.913965095053179105e-03 1.878496806616553050e-01
3.299106835157017414e-02 7.797885826136498680e-03 1.887690630534383796e-01
3.299106835157017414e-02 7.797885826136498680e-03 1.887690630534383796e-01
3.296642948945117252e-02 7.864379112589508364e-03 1.881885099829843921e-01
3.266959875406916236e-02 7.913965095053179105e-03 1.878496806616553050e-01
3.296642948945117252e-02 7.864379112589508364e-03 1.881885099829843921e-01
3.296642948945117252e-02 7.864379112589508364e-03 1.881885099829843921e-01
3.296642948945117252e-02 7.864379112589508364e-03 1.881885099829843921e-01
3.299106835157017414e-02 7.797885826136498680e-03 1.887690630534383796e-01
3.283972596683418926e-02 7.825052889147560142e-03 1.885879984381824970e-01
3.282027027871620845e-02 7.887389082968791418e-03 1.880272570776085062e-01
3.266959875406916236e-02 7.913965095053179105e-03 1.878496806616553050e-01
3.282027027871620845e-02 7.887389082968791418e-03 1.880272570776085062e-01
3.266959875406916236e-02 7.913965095053179105e-03 1.878496806616553050e-01
3.285131888221147489e-02 7.763937423729723453e-03 1.891283684376023622e-01
3.296642948945117252e-02 7.864379112589508364e-03 1.881885099829843921e-01
3.283972596683418926e-02 7.825052889147560142e-03 1.885879984381824970e-01
3.266959875406916236e-02 7.913965095053179105e-03 1.878496806616553050e-01
3.266959875406916236e-02 7.913965095053179105e-03 1.878496806616553050e-01
3.282027027871620845e-02 7.887389082968791418e-03 1.880272570776085062e-01
3.299106835157017414e-02 7.797885826136498680e-03 1.887690630534383796e-01
3.266959875406916236e-02 7.913965095053179105e-03 1.878496806616553050e-01
3.266959875406916236e-02 7.913965095053179105e-03 1.878496806616553050e-01
3.282027027871620845e-02 7.887389082968791418e-03 1.880272570776085062e-01
3.282027027871620845e-02 7.887389082968791418e-03 1.880272570776085062e-01
3.266959875406916236e-02 7.913965095053179105e-03 1.878496806616553050e-01
3.285131888221147489e-02 7.763937423729723453e-03 1.891283684376023622e-01
3.282027027871620845e-02 7.887389082968791418e-03 1.880272570776085062e-01
3.296642948945117252e-02 7.864379112589508364e-03 1.881885099829843921e-01
3.282027027871620845e-02 7.887389082968791418e-03 1.880272570776085062e-01
3.266959875406916236e-02 7.913965095053179105e-03 1.878496806616553050e-01
3.282027027871620845e-02 7.887389082968791418e-03 1.880272570776085062e-01
3.283972596683418926e-02 7.825052889147560142e-03 1.885879984381824970e-01
3.296642948945117252e-02 7.864379112589508364e-03 1.881885099829843921e-01
3.282027027871620845e-02 7.887389082968791418e-03 1.880272570776085062e-01
3.282027027871620845e-02 7.887389082968791418e-03 1.880272570776085062e-01
3.282027027871620845e-02 7.887389082968791418e-03 1.880272570776085062e-01
3.282027027871620845e-02 7.887389082968791418e-03 1.880272570776085062e-01
3.277450322741980171e-02 7.932175915604517194e-03 1.880219499402956129e-01
3.266959875406916236e-02 7.913965095053179105e-03 1.878496806616553050e-01
3.282027027871620845e-02 7.887389082968791418e-03 1.880272570776085062e-01
3.282027027871620845e-02 7.887389082968791418e-03 1.880272570776085062e-01
3.282027027871620845e-02 7.887389082968791418e-03 1.880272570776085062e-01
3.282027027871620845e-02 7.887389082968791418e-03 1.880272570776085062e-01
3.282027027871620845e-02 7.887389082968791418e-03 1.880272570776085062e-01
3.268797500443847842e-02 7.800279819158665619e-03 1.889017109072898548e-01
3.296642948945117252e-02 7.864379112589508364e-03 1.881885099829843921e-01
3.282027027871620845e-02 7.887389082968791418e-03 1.880272570776085062e-01
3.266959875406916236e-02 7.913965095053179105e-03 1.878496806616553050e-01
3.282027027871620845e-02 7.887389082968791418e-03 1.880272570776085062e-01
3.266959875406916236e-02 7.913965095053179105e-03 1.878496806616553050e-01
3.268312099936095116e-02 7.856153349875223679e-03 1.883881036743239867e-01
3.282027027871620845e-02 7.887389082968791418e-03 1.880272570776085062e-01
3.277450322741980171e-02 7.932175915604517194e-03 1.880219499402956129e-01
3.266959875406916236e-02 7.913965095053179105e-03 1.878496806616553050e-01
3.266959875406916236e-02 7.913965095053179105e-03 1.878496806616553050e-01
3.282027027871620845e-02 7.887389082968791418e-03 1.880272570776085062e-01
3.266959875406916236e-02 7.913965095053179105e-03 1.878496806616553050e-01
3.266959875406916236e-02 7.913965095053179105e-03 1.878496806616553050e-01
3.282027027871620845e-02 7.887389082968791418e-03 1.880272570776085062e-01
3.285131888221147489e-02 7.763937423729723453e-03 1.891283684376023622e-01
3.266959875406916236e-02 7.913965095053179105e-03 1.878496806616553050e-01
3.266959875406916236e-02 7.913965095053179105e-03 1.878496806616553050e-01
3.266959875406916236e-02 7.913965095053179105e-03 1.878496806616553050e-01
3.299106835157017414e-02 7.797885826136498680e-03 1.887690630534383796e-01
3.268797500443847842e-02 7.800279819158665619e-03 1.889017109072898548e-01
3.266959875406916236e-02 7.913965095053179105e-03 1.878496806616553050e-01
3.296642948945117252e-02 7.864379112589508364e-03 1.881885099829843921e-01
3.266959875406916236e-02 7.913965095053179105e-03 1.878496806616553050e-01
3.282027027871620845e-02 7.887389082968791418e-03 1.880272570776085062e-01
3.282027027871620845e-02 7.887389082968791418e-03 1.880272570776085062e-01
3.285131888221147489e-02 7.763937423729723453e-03 1.891283684376023622e-01
3.282027027871620845e-02 7.887389082968791418e-03 1.880272570776085062e-01
3.266959875406916236e-02 7.913965095053179105e-03 1.878496806616553050e-01
3.266959875406916236e-02 7.913965095053179105e-03 1.878496806616553050e-01
3.282027027871620845e-02 7.887389082968791418e-03 1.880272570776085062e-01
3.282027027871620845e-02 7.887389082968791418e-03 1.880272570776085062e-01
3.266959875406916236e-02 7.913965095053179105e-03 1.878496806616553050e-01
3.283972596683418926e-02 7.825052889147560142e-03 1.885879984381824970e-01
3.282027027871620845e-02 7.887389082968791418e-03 1.880272570776085062e-01
3.266959875406916236e-02 7.913965095053179105e-03 1.878496806616553050e-01
3.266959875406916236e-02 7.913965095053179105e-03 1.878496806616553050e-01
3.266959875406916236e-02 7.913965095053179105e-03 1.878496806616553050e-01
3.282027027871620845e-02 7.887389082968791418e-03 1.880272570776085062e-01
3.266959875406916236e-02 7.913965095053179105e-03 1.878496806616553050e-01
3.266959875406916236e-02 7.913965095053179105e-03 1.878496806616553050e-01
3.296642948945117252e-02 7.864379112589508364e-03 1.881885099829843921e-01
3.285131888221147489e-02 7.763937423729723453e-03 1.891283684376023622e-01
3.282027027871620845e-02 7.887389082968791418e-03 1.880272570776085062e-01
3.296642948945117252e-02 7.864379112589508364e-03 1.881885099829843921e-01
3.283972596683418926e-02 7.825052889147560142e-03 1.885879984381824970e-01
3.296642948945117252e-02 7.864379112589508364e-03 1.881885099829843921e-01
3.283972596683418926e-02 7.825052889147560142e-03 1.885879984381824970e-01
3.266959875406916236e-02 7.913965095053179105e-03 1.878496806616553050e-01
3.282027027871620845e-02 7.887389082968791418e-03 1.880272570776085062e-01
3.300846944070873201e-02 7.731848057079572338e-03 1.893330218661170850e-01
3.282027027871620845e-02 7.887389082968791418e-03 1.880272570776085062e-01
3.283972596683418926e-02 7.825052889147560142e-03 1.885879984381824970e-01
3.266959875406916236e-02 7.913965095053179105e-03 1.878496806616553050e-01
3.266959875406916236e-02 7.913965095053179105e-03 1.878496806616553050e-01
3.266959875406916236e-02 7.913965095053179105e-03 1.878496806616553050e-01
3.283972596683418926e-02 7.825052889147560142e-03 1.885879984381824970e-01
3.266959875406916236e-02 7.913965095053179105e-03 1.878496806616553050e-01
3.296642948945117252e-02 7.864379112589508364e-03 1.881885099829843921e-01
3.282027027871620845e-02 7.887389082968791418e-03 1.880272570776085062e-01
3.282027027871620845e-02 7.887389082968791418e-03 1.880272570776085062e-01
3.266959875406916236e-02 7.913965095053179105e-03 1.878496806616553050e-01
3.282027027871620845e-02 7.887389082968791418e-03 1.880272570776085062e-01
3.277450322741980171e-02 7.932175915604517194e-03 1.880219499402956129e-01
3.268797500443847842e-02 7.800279819158665619e-03 1.889017109072898548e-01
3.283972596683418926e-02 7.825052889147560142e-03 1.885879984381824970e-01
3.282027027871620845e-02 7.887389082968791418e-03 1.880272570776085062e-01
3.282027027871620845e-02 7.887389082968791418e-03 1.880272570776085062e-01
3.299106835157017414e-02 7.797885826136498680e-03 1.887690630534383796e-01
3.282027027871620845e-02 7.887389082968791418e-03 1.880272570776085062e-01
3.266959875406916236e-02 7.913965095053179105e-03 1.878496806616553050e-01
3.267683638418267256e-02 7.850832500320561319e-03 1.882211922016996941e-01
3.282027027871620845e-02 7.887389082968791418e-03 1.880272570776085062e-01
3.299106835157017414e-02 7.797885826136498680e-03 1.887690630534383796e-01
3.282027027871620845e-02 7.887389082968791418e-03 1.880272570776085062e-01
3.266959875406916236e-02 7.913965095053179105e-03 1.878496806616553050e-01
3.282027027871620845e-02 7.887389082968791418e-03 1.880272570776085062e-01
3.266959875406916236e-02 7.913965095053179105e-03 1.878496806616553050e-01
3.296642948945117252e-02 7.864379112589508364e-03 1.881885099829843921e-01
3.283972596683418926e-02 7.825052889147560142e-03 1.885879984381824970e-01
3.277450322741980171e-02 7.932175915604517194e-03 1.880219499402956129e-01
3.310866421026777834e-02 7.844796312068507554e-03 1.883349711933172133e-01
3.283972596683418926e-02 7.825052889147560142e-03 1.885879984381824970e-01
3.266959875406916236e-02 7.913965095053179105e-03 1.878496806616553050e-01
3.266959875406916236e-02 7.913965095053179105e-03 1.878496806616553050e-01
3.296642948945117252e-02 7.864379112589508364e-03 1.881885099829843921e-01
3.282027027871620845e-02 7.887389082968791418e-03 1.880272570776085062e-01
3.310866421026777834e-02 7.844796312068507554e-03 1.883349711933172133e-01
3.282027027871620845e-02 7.887389082968791418e-03 1.880272570776085062e-01
3.266959875406916236e-02 7.913965095053179105e-03 1.878496806616553050e-01
3.277450322741980171e-02 7.932175915604517194e-03 1.880219499402956129e-01
3.282027027871620845e-02 7.887389082968791418e-03 1.880272570776085062e-01
3.282027027871620845e-02 7.887389082968791418e-03 1.880272570776085062e-01
3.299106835157017414e-02 7.797885826136498680e-03 1.887690630534383796e-01
3.282027027871620845e-02 7.887389082968791418e-03 1.880272570776085062e-01
3.266959875406916236e-02 7.913965095053179105e-03 1.878496806616553050e-01
3.296642948945117252e-02 7.864379112589508364e-03 1.881885099829843921e-01
3.266959875406916236e-02 7.913965095053179105e-03 1.878496806616553050e-01
3.282027027871620845e-02 7.887389082968791418e-03 1.880272570776085062e-01
3.266959875406916236e-02 7.913965095053179105e-03 1.878496806616553050e-01
3.266959875406916236e-02 7.913965095053179105e-03 1.878496806616553050e-01
3.296642948945117252e-02 7.864379112589508364e-03 1.881885099829843921e-01
3.283972596683418926e-02 7.825052889147560142e-03 1.885879984381824970e-01
3.282027027871620845e-02 7.887389082968791418e-03 1.880272570776085062e-01
3.266959875406916236e-02 7.913965095053179105e-03 1.878496806616553050e-01
3.296642948945117252e-02 7.864379112589508364e-03 1.881885099829843921e-01
3.282027027871620845e-02 7.887389082968791418e-03 1.880272570776085062e-01
3.296642948945117252e-02 7.864379112589508364e-03 1.881885099829843921e-01
3.296642948945117252e-02 7.864379112589508364e-03 1.881885099829843921e-01
3.296642948945117252e-02 7.864379112589508364e-03 1.881885099829843921e-01
3.299106835157017414e-02 7.797885826136498680e-03 1.887690630534383796e-01
3.266959875406916236e-02 7.913965095053179105e-03 1.878496806616553050e-01
3.266959875406916236e-02 7.913965095053179105e-03 1.878496806616553050e-01
3.266959875406916236e-02 7.913965095053179105e-03 1.878496806616553050e-01
3.282027027871620845e-02 7.887389082968791418e-03 1.880272570776085062e-01
3.301348096214498651e-02 7.943763374277464442e-03 1.884507080477785534e-01
3.266959875406916236e-02 7.913965095053179105e-03 1.878496806616553050e-01
3.296642948945117252e-02 7.864379112589508364e-03 1.881885099829843921e-01
3.266959875406916236e-02 7.913965095053179105e-03 1.878496806616553050e-01
3.282027027871620845e-02 7.887389082968791418e-03 1.880272570776085062e-01
3.282027027871620845e-02 7.887389082968791418e-03 1.880272570776085062e-01
3.283972596683418926e-02 7.825052889147560142e-03 1.885879984381824970e-01
3.266959875406916236e-02 7.913965095053179105e-03 1.878496806616553050e-01
3.310866421026777834e-02 7.844796312068507554e-03 1.883349711933172133e-01
3.282027027871620845e-02 7.887389082968791418e-03 1.880272570776085062e-01
3.282027027871620845e-02 7.887389082968791418e-03 1.880272570776085062e-01
3.282027027871620845e-02 7.887389082968791418e-03 1.880272570776085062e-01
3.266959875406916236e-02 7.913965095053179105e-03 1.878496806616553050e-01
3.266959875406916236e-02 7.913965095053179105e-03 1.878496806616553050e-01
3.296642948945117252e-02 7.864379112589508364e-03 1.881885099829843921e-01
3.266959875406916236e-02 7.913965095053179105e-03 1.878496806616553050e-01
3.268797500443847842e-02 7.800279819158665619e-03 1.889017109072898548e-01
3.285131888221147489e-02 7.763937423729723453e-03 1.891283684376023622e-01
3.296642948945117252e-02 7.864379112589508364e-03 1.881885099829843921e-01
3.296642948945117252e-02 7.864379112589508364e-03 1.881885099829843921e-01
3.282027027871620845e-02 7.887389082968791418e-03 1.880272570776085062e-01
3.299106835157017414e-02 7.797885826136498680e-03 1.887690630534383796e-01
3.266959875406916236e-02 7.913965095053179105e-03 1.878496806616553050e-01
3.266959875406916236e-02 7.913965095053179105e-03 1.878496806616553050e-01
3.296642948945117252e-02 7.864379112589508364e-03 1.881885099829843921e-01
3.283972596683418926e-02 7.825052889147560142e-03 1.885879984381824970e-01
3.296642948945117252e-02 7.864379112589508364e-03 1.881885099829843921e-01
3.266959875406916236e-02 7.913965095053179105e-03 1.878496806616553050e-01
3.266959875406916236e-02 7.913965095053179105e-03 1.878496806616553050e-01
3.296642948945117252e-02 7.864379112589508364e-03 1.881885099829843921e-01
3.296642948945117252e-02 7.864379112589508364e-03 1.881885099829843921e-01
3.296642948945117252e-02 7.864379112589508364e-03 1.881885099829843921e-01
3.296642948945117252e-02 7.864379112589508364e-03 1.881885099829843921e-01
3.299106835157017414e-02 7.797885826136498680e-03 1.887690630534383796e-01
3.296642948945117252e-02 7.864379112589508364e-03 1.881885099829843921e-01
3.266959875406916236e-02 7.913965095053179105e-03 1.878496806616553050e-01
3.282027027871620845e-02 7.887389082968791418e-03 1.880272570776085062e-01
3.266959875406916236e-02 7.913965095053179105e-03 1.878496806616553050e-01
3.296642948945117252e-02 7.864379112589508364e-03 1.881885099829843921e-01
3.282027027871620845e-02 7.887389082968791418e-03 1.880272570776085062e-01
3.266959875406916236e-02 7.913965095053179105e-03 1.878496806616553050e-01
3.299106835157017414e-02 7.797885826136498680e-03 1.887690630534383796e-01
3.299106835157017414e-02 7.797885826136498680e-03 1.887690630534383796e-01
3.283972596683418926e-02 7.825052889147560142e-03 1.885879984381824970e-01
3.266959875406916236e-02 7.913965095053179105e-03 1.878496806616553050e-01
3.282027027871620845e-02 7.887389082968791418e-03 1.880272570776085062e-01
3.268797500443847842e-02 7.800279819158665619e-03 1.889017109072898548e-01
3.266959875406916236e-02 7.913965095053179105e-03 1.878496806616553050e-01
3.283972596683418926e-02 7.825052889147560142e-03 1.885879984381824970e-01
3.283972596683418926e-02 7.825052889147560142e-03 1.885879984381824970e-01
3.282027027871620845e-02 7.887389082968791418e-03 1.880272570776085062e-01
3.296642948945117252e-02 7.864379112589508364e-03 1.881885099829843921e-01
3.282027027871620845e-02 7.887389082968791418e-03 1.880272570776085062e-01
3.296642948945117252e-02 7.864379112589508364e-03 1.881885099829843921e-01
3.266959875406916236e-02 7.913965095053179105e-03 1.878496806616553050e-01
3.282027027871620845e-02 7.887389082968791418e-03 1.880272570776085062e-01
3.282027027871620845e-02 7.887389082968791418e-03 1.880272570776085062e-01
3.282027027871620845e-02 7.887389082968791418e-03 1.880272570776085062e-01
3.266959875406916236e-02 7.913965095053179105e-03 1.878496806616553050e-01
3.283972596683418926e-02 7.825052889147560142e-03 1.885879984381824970e-01
3.282027027871620845e-02 7.887389082968791418e-03 1.880272570776085062e-01
3.282027027871620845e-02 7.887389082968791418e-03 1.880272570776085062e-01
3.282027027871620845e-02 7.887389082968791418e-03 1.880272570776085062e-01
3.266959875406916236e-02 7.913965095053179105e-03 1.878496806616553050e-01
3.282027027871620845e-02 7.887389082968791418e-03 1.880272570776085062e-01
3.299106835157017414e-02 7.797885826136498680e-03 1.887690630534383796e-01
3.282027027871620845e-02 7.887389082968791418e-03 1.880272570776085062e-01
3.282027027871620845e-02 7.887389082968791418e-03 1.880272570776085062e-01
3.266959875406916236e-02 7.913965095053179105e-03 1.878496806616553050e-01
3.282027027871620845e-02 7.887389082968791418e-03 1.880272570776085062e-01
3.266959875406916236e-02 7.913965095053179105e-03 1.878496806616553050e-01
3.266959875406916236e-02 7.913965095053179105e-03 1.878496806616553050e-01
3.296642948945117252e-02 7.864379112589508364e-03 1.881885099829843921e-01
3.282027027871620845e-02 7.887389082968791418e-03 1.880272570776085062e-01
3.283972596683418926e-02 7.825052889147560142e-03 1.885879984381824970e-01
3.296642948945117252e-02 7.864379112589508364e-03 1.881885099829843921e-01
3.300846944070873201e-02 7.731848057079572338e-03 1.893330218661170850e-01
3.282027027871620845e-02 7.887389082968791418e-03 1.880272570776085062e-01
3.282027027871620845e-02 7.887389082968791418e-03 1.880272570776085062e-01
3.282027027871620845e-02 7.887389082968791418e-03 1.880272570776085062e-01
3.282027027871620845e-02 7.887389082968791418e-03 1.880272570776085062e-01
3.266959875406916236e-02 7.913965095053179105e-03 1.878496806616553050e-01
3.266959875406916236e-02 7.913965095053179105e-03 1.878496806616553050e-01
3.282027027871620845e-02 7.887389082968791418e-03 1.880272570776085062e-01
3.266959875406916236e-02 7.913965095053179105e-03 1.878496806616553050e-01
3.282027027871620845e-02 7.887389082968791418e-03 1.880272570776085062e-01
3.266959875406916236e-02 7.913965095053179105e-03 1.878496806616553050e-01
3.282027027871620845e-02 7.887389082968791418e-03 1.880272570776085062e-01
3.282027027871620845e-02 7.887389082968791418e-03 1.880272570776085062e-01
3.268797500443847842e-02 7.800279819158665619e-03 1.889017109072898548e-01
3.266959875406916236e-02 7.913965095053179105e-03 1.878496806616553050e-01
3.285131888221147489e-02 7.763937423729723453e-03 1.891283684376023622e-01
3.282027027871620845e-02 7.887389082968791418e-03 1.880272570776085062e-01
3.266959875406916236e-02 7.913965095053179105e-03 1.878496806616553050e-01
3.266959875406916236e-02 7.913965095053179105e-03 1.878496806616553050e-01
3.282027027871620845e-02 7.887389082968791418e-03 1.880272570776085062e-01
3.296642948945117252e-02 7.864379112589508364e-03 1.881885099829843921e-01
3.268797500443847842e-02 7.800279819158665619e-03 1.889017109072898548e-01
3.282027027871620845e-02 7.887389082968791418e-03 1.880272570776085062e-01
3.282027027871620845e-02 7.887389082968791418e-03 1.880272570776085062e-01
3.266959875406916236e-02 7.913965095053179105e-03 1.878496806616553050e-01
3.282027027871620845e-02 7.887389082968791418e-03 1.880272570776085062e-01
3.266959875406916236e-02 7.913965095053179105e-03 1.878496806616553050e-01
3.296642948945117252e-02 7.864379112589508364e-03 1.881885099829843921e-01
3.282027027871620845e-02 7.887389082968791418e-03 1.880272570776085062e-01
3.296642948945117252e-02 7.864379112589508364e-03 1.881885099829843921e-01
3.296642948945117252e-02 7.864379112589508364e-03 1.881885099829843921e-01
3.282027027871620845e-02 7.887389082968791418e-03 1.880272570776085062e-01
3.282027027871620845e-02 7.887389082968791418e-03 1.880272570776085062e-01
3.282027027871620845e-02 7.887389082968791418e-03 1.880272570776085062e-01
3.283972596683418926e-02 7.825052889147560142e-03 1.885879984381824970e-01
3.282027027871620845e-02 7.887389082968791418e-03 1.880272570776085062e-01
3.266959875406916236e-02 7.913965095053179105e-03 1.878496806616553050e-01
3.299106835157017414e-02 7.797885826136498680e-03 1.887690630534383796e-01
3.266959875406916236e-02 7.913965095053179105e-03 1.878496806616553050e-01
3.283972596683418926e-02 7.825052889147560142e-03 1.885879984381824970e-01
3.296642948945117252e-02 7.864379112589508364e-03 1.881885099829843921e-01
3.283972596683418926e-02 7.825052889147560142e-03 1.885879984381824970e-01
3.282027027871620845e-02 7.887389082968791418e-03 1.880272570776085062e-01
3.296642948945117252e-02 7.864379112589508364e-03 1.881885099829843921e-01
3.299106835157017414e-02 7.797885826136498680e-03 1.887690630534383796e-01
3.282027027871620845e-02 7.887389082968791418e-03 1.880272570776085062e-01
3.266959875406916236e-02 7.913965095053179105e-03 1.878496806616553050e-01
3.296642948945117252e-02 7.864379112589508364e-03 1.881885099829843921e-01
3.299106835157017414e-02 7.797885826136498680e-03 1.887690630534383796e-01
3.285131888221147489e-02 7.763937423729723453e-03 1.891283684376023622e-01
3.266959875406916236e-02 7.913965095053179105e-03 1.878496806616553050e-01
3.296642948945117252e-02 7.864379112589508364e-03 1.881885099829843921e-01
3.282027027871620845e-02 7.887389082968791418e-03 1.880272570776085062e-01
3.296642948945117252e-02 7.864379112589508364e-03 1.881885099829843921e-01
3.282027027871620845e-02 7.887389082968791418e-03 1.880272570776085062e-01
3.282027027871620845e-02 7.887389082968791418e-03 1.880272570776085062e-01
3.296642948945117252e-02 7.864379112589508364e-03 1.881885099829843921e-01
3.266959875406916236e-02 7.913965095053179105e-03 1.878496806616553050e-01
3.262447001009879249e-02 7.956537717938845164e-03 1.878529673473918749e-01
3.266959875406916236e-02 7.913965095053179105e-03 1.878496806616553050e-01
3.266959875406916236e-02 7.913965095053179105e-03 1.878496806616553050e-01
3.266959875406916236e-02 7.913965095053179105e-03 1.878496806616553050e-01
3.266959875406916236e-02 7.913965095053179105e-03 1.878496806616553050e-01
3.282027027871620845e-02 7.887389082968791418e-03 1.880272570776085062e-01
3.283972596683418926e-02 7.825052889147560142e-03 1.885879984381824970e-01
3.282027027871620845e-02 7.887389082968791418e-03 1.880272570776085062e-01
3.285131888221147489e-02 7.763937423729723453e-03 1.891283684376023622e-01
3.282027027871620845e-02 7.887389082968791418e-03 1.880272570776085062e-01
3.282027027871620845e-02 7.887389082968791418e-03 1.880272570776085062e-01
3.296642948945117252e-02 7.864379112589508364e-03 1.881885099829843921e-01
3.282027027871620845e-02 7.887389082968791418e-03 1.880272570776085062e-01
3.266959875406916236e-02 7.913965095053179105e-03 1.878496806616553050e-01
3.282027027871620845e-02 7.887389082968791418e-03 1.880272570776085062e-01
3.266959875406916236e-02 7.913965095053179105e-03 1.878496806616553050e-01
3.282027027871620845e-02 7.887389082968791418e-03 1.880272570776085062e-01
3.282027027871620845e-02 7.887389082968791418e-03 1.880272570776085062e-01
3.282027027871620845e-02 7.887389082968791418e-03 1.880272570776085062e-01
3.296642948945117252e-02 7.864379112589508364e-03 1.881885099829843921e-01
3.266959875406916236e-02 7.913965095053179105e-03 1.878496806616553050e-01
3.282027027871620845e-02 7.887389082968791418e-03 1.880272570776085062e-01
3.266959875406916236e-02 7.913965095053179105e-03 1.878496806616553050e-01
3.266959875406916236e-02 7.913965095053179105e-03 1.878496806616553050e-01
3.266959875406916236e-02 7.913965095053179105e-03 1.878496806616553050e-01
3.299106835157017414e-02 7.797885826136498680e-03 1.887690630534383796e-01
3.282027027871620845e-02 7.887389082968791418e-03 1.880272570776085062e-01
3.285131888221147489e-02 7.763937423729723453e-03 1.891283684376023622e-01
3.299106835157017414e-02 7.797885826136498680e-03 1.887690630534383796e-01
3.296642948945117252e-02 7.864379112589508364e-03 1.881885099829843921e-01
3.296642948945117252e-02 7.864379112589508364e-03 1.881885099829843921e-01
3.266959875406916236e-02 7.913965095053179105e-03 1.878496806616553050e-01
3.282027027871620845e-02 7.887389082968791418e-03 1.880272570776085062e-01
3.266959875406916236e-02 7.913965095053179105e-03 1.878496806616553050e-01
3.266959875406916236e-02 7.913965095053179105e-03 1.878496806616553050e-01
3.282027027871620845e-02 7.887389082968791418e-03 1.880272570776085062e-01
3.266959875406916236e-02 7.913965095053179105e-03 1.878496806616553050e-01
3.282027027871620845e-02 7.887389082968791418e-03 1.880272570776085062e-01
3.266959875406916236e-02 7.913965095053179105e-03 1.878496806616553050e-01
3.266959875406916236e-02 7.913965095053179105e-03 1.878496806616553050e-01
3.283972596683418926e-02 7.825052889147560142e-03 1.885879984381824970e-01
3.266959875406916236e-02 7.913965095053179105e-03 1.878496806616553050e-01
3.282027027871620845e-02 7.887389082968791418e-03 1.880272570776085062e-01
3.282027027871620845e-02 7.887389082968791418e-03 1.880272570776085062e-01
3.266959875406916236e-02 7.913965095053179105e-03 1.878496806616553050e-01
3.266959875406916236e-02 7.913965095053179105e-03 1.878496806616553050e-01
3.296642948945117252e-02 7.864379112589508364e-03 1.881885099829843921e-01
3.282027027871620845e-02 7.887389082968791418e-03 1.880272570776085062e-01
3.282027027871620845e-02 7.887389082968791418e-03 1.880272570776085062e-01
3.268797500443847842e-02 7.800279819158665619e-03 1.889017109072898548e-01
3.296642948945117252e-02 7.864379112589508364e-03 1.881885099829843921e-01
3.296642948945117252e-02 7.864379112589508364e-03 1.881885099829843921e-01
3.266959875406916236e-02 7.913965095053179105e-03 1.878496806616553050e-01
3.282027027871620845e-02 7.887389082968791418e-03 1.880272570776085062e-01
3.266959875406916236e-02 7.913965095053179105e-03 1.878496806616553050e-01
3.266959875406916236e-02 7.913965095053179105e-03 1.878496806616553050e-01
3.282027027871620845e-02 7.887389082968791418e-03 1.880272570776085062e-01
3.282027027871620845e-02 7.887389082968791418e-03 1.880272570776085062e-01
3.266959875406916236e-02 7.913965095053179105e-03 1.878496806616553050e-01
3.266959875406916236e-02 7.913965095053179105e-03 1.878496806616553050e-01
3.282027027871620845e-02 7.887389082968791418e-03 1.880272570776085062e-01
3.282027027871620845e-02 7.887389082968791418e-03 1.880272570776085062e-01
3.296642948945117252e-02 7.864379112589508364e-03 1.881885099829843921e-01
3.285131888221147489e-02 7.763937423729723453e-03 1.891283684376023622e-01
3.268797500443847842e-02 7.800279819158665619e-03 1.889017109072898548e-01
3.266959875406916236e-02 7.913965095053179105e-03 1.878496806616553050e-01
3.267789813381935526e-02 8.044666116272837508e-03 1.881736175877449235e-01
3.266959875406916236e-02 7.913965095053179105e-03 1.878496806616553050e-01
3.283972596683418926e-02 7.825052889147560142e-03 1.885879984381824970e-01
3.282027027871620845e-02 7.887389082968791418e-03 1.880272570776085062e-01
3.285131888221147489e-02 7.763937423729723453e-03 1.891283684376023622e-01
3.296642948945117252e-02 7.864379112589508364e-03 1.881885099829843921e-01
3.282027027871620845e-02 7.887389082968791418e-03 1.880272570776085062e-01
3.296642948945117252e-02 7.864379112589508364e-03 1.881885099829843921e-01
3.282027027871620845e-02 7.887389082968791418e-03 1.880272570776085062e-01
3.268797500443847842e-02 7.800279819158665619e-03 1.889017109072898548e-01
3.282027027871620845e-02 7.887389082968791418e-03 1.880272570776085062e-01
3.282027027871620845e-02 7.887389082968791418e-03 1.880272570776085062e-01
3.266959875406916236e-02 7.913965095053179105e-03 1.878496806616553050e-01
3.282027027871620845e-02 7.887389082968791418e-03 1.880272570776085062e-01
3.282027027871620845e-02 7.887389082968791418e-03 1.880272570776085062e-01
3.296642948945117252e-02 7.864379112589508364e-03 1.881885099829843921e-01
3.282027027871620845e-02 7.887389082968791418e-03 1.880272570776085062e-01
3.266959875406916236e-02 7.913965095053179105e-03 1.878496806616553050e-01
3.282027027871620845e-02 7.887389082968791418e-03 1.880272570776085062e-01
3.266959875406916236e-02 7.913965095053179105e-03 1.878496806616553050e-01
3.266959875406916236e-02 7.913965095053179105e-03 1.878496806616553050e-01
3.296642948945117252e-02 7.864379112589508364e-03 1.881885099829843921e-01
3.266959875406916236e-02 7.913965095053179105e-03 1.878496806616553050e-01
3.266959875406916236e-02 7.913965095053179105e-03 1.878496806616553050e-01
3.282027027871620845e-02 7.887389082968791418e-03 1.880272570776085062e-01
3.266959875406916236e-02 7.913965095053179105e-03 1.878496806616553050e-01
3.266959875406916236e-02 7.913965095053179105e-03 1.878496806616553050e-01
3.282027027871620845e-02 7.887389082968791418e-03 1.880272570776085062e-01
3.268797500443847842e-02 7.800279819158665619e-03 1.889017109072898548e-01
3.266959875406916236e-02 7.913965095053179105e-03 1.878496806616553050e-01
3.282027027871620845e-02 7.887389082968791418e-03 1.880272570776085062e-01
3.299106835157017414e-02 7.797885826136498680e-03 1.887690630534383796e-01
3.282027027871620845e-02 7.887389082968791418e-03 1.880272570776085062e-01
3.266959875406916236e-02 7.913965095053179105e-03 1.878496806616553050e-01
3.296642948945117252e-02 7.864379112589508364e-03 1.881885099829843921e-01
3.266959875406916236e-02 7.913965095053179105e-03 1.878496806616553050e-01
3.282027027871620845e-02 7.887389082968791418e-03 1.880272570776085062e-01
3.282027027871620845e-02 7.887389082968791418e-03 1.880272570776085062e-01
3.299106835157017414e-02 7.797885826136498680e-03 1.887690630534383796e-01
3.285131888221147489e-02 7.763937423729723453e-03 1.891283684376023622e-01
3.296642948945117252e-02 7.864379112589508364e-03 1.881885099829843921e-01
3.282027027871620845e-02 7.887389082968791418e-03 1.880272570776085062e-01
3.282027027871620845e-02 7.887389082968791418e-03 1.880272570776085062e-01
3.262447001009879249e-02 7.956537717938845164e-03 1.878529673473918749e-01
3.296642948945117252e-02 7.864379112589508364e-03 1.881885099829843921e-01
3.299106835157017414e-02 7.797885826136498680e-03 1.887690630534383796e-01
3.266959875406916236e-02 7.913965095053179105e-03 1.878496806616553050e-01
3.266959875406916236e-02 7.913965095053179105e-03 1.878496806616553050e-01
3.282027027871620845e-02 7.887389082968791418e-03 1.880272570776085062e-01
3.282027027871620845e-02 7.887389082968791418e-03 1.880272570776085062e-01
3.285131888221147489e-02 7.763937423729723453e-03 1.891283684376023622e-01
3.266959875406916236e-02 7.913965095053179105e-03 1.878496806616553050e-01
3.266959875406916236e-02 7.913965095053179105e-03 1.878496806616553050e-01
3.296642948945117252e-02 7.864379112589508364e-03 1.881885099829843921e-01
3.282027027871620845e-02 7.887389082968791418e-03 1.880272570776085062e-01
3.282027027871620845e-02 7.887389082968791418e-03 1.880272570776085062e-01
3.266959875406916236e-02 7.913965095053179105e-03 1.878496806616553050e-01
3.266959875406916236e-02 7.913965095053179105e-03 1.878496806616553050e-01
3.296642948945117252e-02 7.864379112589508364e-03 1.881885099829843921e-01
3.282027027871620845e-02 7.887389082968791418e-03 1.880272570776085062e-01
3.266959875406916236e-02 7.913965095053179105e-03 1.878496806616553050e-01
3.282027027871620845e-02 7.887389082968791418e-03 1.880272570776085062e-01
3.282027027871620845e-02 7.887389082968791418e-03 1.880272570776085062e-01
3.282027027871620845e-02 7.887389082968791418e-03 1.880272570776085062e-01
3.285131888221147489e-02 7.763937423729723453e-03 1.891283684376023622e-01
3.282027027871620845e-02 7.887389082968791418e-03 1.880272570776085062e-01
3.266959875406916236e-02 7.913965095053179105e-03 1.878496806616553050e-01
3.266959875406916236e-02 7.913965095053179105e-03 1.878496806616553050e-01
3.282027027871620845e-02 7.887389082968791418e-03 1.880272570776085062e-01
3.282027027871620845e-02 7.887389082968791418e-03 1.880272570776085062e-01
3.282027027871620845e-02 7.887389082968791418e-03 1.880272570776085062e-01
3.282027027871620845e-02 7.887389082968791418e-03 1.880272570776085062e-01
3.266959875406916236e-02 7.913965095053179105e-03 1.878496806616553050e-01
3.282027027871620845e-02 7.887389082968791418e-03 1.880272570776085062e-01
3.266959875406916236e-02 7.913965095053179105e-03 1.878496806616553050e-01
3.268797500443847842e-02 7.800279819158665619e-03 1.889017109072898548e-01
3.282027027871620845e-02 7.887389082968791418e-03 1.880272570776085062e-01
3.266959875406916236e-02 7.913965095053179105e-03 1.878496806616553050e-01
3.282027027871620845e-02 7.887389082968791418e-03 1.880272570776085062e-01
3.266959875406916236e-02 7.913965095053179105e-03 1.878496806616553050e-01
3.282027027871620845e-02 7.887389082968791418e-03 1.880272570776085062e-01
3.296642948945117252e-02 7.864379112589508364e-03 1.881885099829843921e-01
3.282027027871620845e-02 7.887389082968791418e-03 1.880272570776085062e-01
3.296642948945117252e-02 7.864379112589508364e-03 1.881885099829843921e-01
3.296642948945117252e-02 7.864379112589508364e-03 1.881885099829843921e-01
3.266959875406916236e-02 7.913965095053179105e-03 1.878496806616553050e-01
3.282027027871620845e-02 7.887389082968791418e-03 1.880272570776085062e-01
3.282027027871620845e-02 7.887389082968791418e-03 1.880272570776085062e-01
3.266959875406916236e-02 7.913965095053179105e-03 1.878496806616553050e-01
3.266959875406916236e-02 7.913965095053179105e-03 1.878496806616553050e-01
3.283972596683418926e-02 7.825052889147560142e-03 1.885879984381824970e-01
3.266959875406916236e-02 7.913965095053179105e-03 1.878496806616553050e-01
3.266959875406916236e-02 7.913965095053179105e-03 1.878496806616553050e-01
3.282027027871620845e-02 7.887389082968791418e-03 1.880272570776085062e-01
3.283972596683418926e-02 7.825052889147560142e-03 1.885879984381824970e-01
3.282027027871620845e-02 7.887389082968791418e-03 1.880272570776085062e-01
3.282027027871620845e-02 7.887389082968791418e-03 1.880272570776085062e-01
3.299106835157017414e-02 7.797885826136498680e-03 1.887690630534383796e-01
3.266959875406916236e-02 7.913965095053179105e-03 1.878496806616553050e-01
3.282027027871620845e-02 7.887389082968791418e-03 1.880272570776085062e-01
3.296642948945117252e-02 7.864379112589508364e-03 1.881885099829843921e-01
3.282027027871620845e-02 7.887389082968791418e-03 1.880272570776085062e-01
3.266959875406916236e-02 7.913965095053179105e-03 1.878496806616553050e-01
3.282027027871620845e-02 7.887389082968791418e-03 1.880272570776085062e-01
3.299106835157017414e-02 7.797885826136498680e-03 1.887690630534383796e-01
3.266959875406916236e-02 7.913965095053179105e-03 1.878496806616553050e-01
3.266959875406916236e-02 7.913965095053179105e-03 1.878496806616553050e-01
3.266959875406916236e-02 7.913965095053179105e-03 1.878496806616553050e-01
3.296642948945117252e-02 7.864379112589508364e-03 1.881885099829843921e-01
3.266959875406916236e-02 7.913965095053179105e-03 1.878496806616553050e-01
3.282027027871620845e-02 7.887389082968791418e-03 1.880272570776085062e-01
3.282027027871620845e-02 7.887389082968791418e-03 1.880272570776085062e-01
3.268797500443847842e-02 7.800279819158665619e-03 1.889017109072898548e-01
3.282027027871620845e-02 7.887389082968791418e-03 1.880272570776085062e-01
3.283972596683418926e-02 7.825052889147560142e-03 1.885879984381824970e-01
3.282027027871620845e-02 7.887389082968791418e-03 1.880272570776085062e-01
3.282027027871620845e-02 7.887389082968791418e-03 1.880272570776085062e-01
3.283972596683418926e-02 7.825052889147560142e-03 1.885879984381824970e-01
3.282027027871620845e-02 7.887389082968791418e-03 1.880272570776085062e-01
3.266959875406916236e-02 7.913965095053179105e-03 1.878496806616553050e-01
3.266959875406916236e-02 7.913965095053179105e-03 1.878496806616553050e-01
3.268797500443847842e-02 7.800279819158665619e-03 1.889017109072898548e-01
3.282027027871620845e-02 7.887389082968791418e-03 1.880272570776085062e-01
3.296642948945117252e-02 7.864379112589508364e-03 1.881885099829843921e-01
3.266959875406916236e-02 7.913965095053179105e-03 1.878496806616553050e-01
3.282027027871620845e-02 7.887389082968791418e-03 1.880272570776085062e-01
3.266959875406916236e-02 7.913965095053179105e-03 1.878496806616553050e-01
3.299106835157017414e-02 7.797885826136498680e-03 1.887690630534383796e-01
3.268797500443847842e-02 7.800279819158665619e-03 1.889017109072898548e-01
3.266959875406916236e-02 7.913965095053179105e-03 1.878496806616553050e-01
3.296642948945117252e-02 7.864379112589508364e-03 1.881885099829843921e-01
3.282027027871620845e-02 7.887389082968791418e-03 1.880272570776085062e-01
3.282027027871620845e-02 7.887389082968791418e-03 1.880272570776085062e-01
3.296642948945117252e-02 7.864379112589508364e-03 1.881885099829843921e-01
3.266959875406916236e-02 7.913965095053179105e-03 1.878496806616553050e-01
3.282027027871620845e-02 7.887389082968791418e-03 1.880272570776085062e-01
3.283972596683418926e-02 7.825052889147560142e-03 1.885879984381824970e-01
3.282027027871620845e-02 7.887389082968791418e-03 1.880272570776085062e-01
3.282027027871620845e-02 7.887389082968791418e-03 1.880272570776085062e-01
3.282027027871620845e-02 7.887389082968791418e-03 1.880272570776085062e-01
3.296642948945117252e-02 7.864379112589508364e-03 1.881885099829843921e-01
3.282027027871620845e-02 7.887389082968791418e-03 1.880272570776085062e-01
3.282027027871620845e-02 7.887389082968791418e-03 1.880272570776085062e-01
3.296642948945117252e-02 7.864379112589508364e-03 1.881885099829843921e-01
3.282027027871620845e-02 7.887389082968791418e-03 1.880272570776085062e-01
3.299106835157017414e-02 7.797885826136498680e-03 1.887690630534383796e-01
3.282027027871620845e-02 7.887389082968791418e-03 1.880272570776085062e-01
3.296642948945117252e-02 7.864379112589508364e-03 1.881885099829843921e-01
3.283972596683418926e-02 7.825052889147560142e-03 1.885879984381824970e-01
3.268797500443847842e-02 7.800279819158665619e-03 1.889017109072898548e-01
3.266959875406916236e-02 7.913965095053179105e-03 1.878496806616553050e-01
3.282027027871620845e-02 7.887389082968791418e-03 1.880272570776085062e-01
3.296642948945117252e-02 7.864379112589508364e-03 1.881885099829843921e-01
3.296642948945117252e-02 7.864379112589508364e-03 1.881885099829843921e-01
3.266959875406916236e-02 7.913965095053179105e-03 1.878496806616553050e-01
3.282027027871620845e-02 7.887389082968791418e-03 1.880272570776085062e-01
3.296642948945117252e-02 7.864379112589508364e-03 1.881885099829843921e-01
3.282027027871620845e-02 7.887389082968791418e-03 1.880272570776085062e-01
3.299106835157017414e-02 7.797885826136498680e-03 1.887690630534383796e-01
3.282027027871620845e-02 7.887389082968791418e-03 1.880272570776085062e-01
3.282027027871620845e-02 7.887389082968791418e-03 1.880272570776085062e-01
3.282027027871620845e-02 7.887389082968791418e-03 1.880272570776085062e-01
3.283972596683418926e-02 7.825052889147560142e-03 1.885879984381824970e-01
3.296642948945117252e-02 7.864379112589508364e-03 1.881885099829843921e-01
3.296642948945117252e-02 7.864379112589508364e-03 1.881885099829843921e-01
3.296642948945117252e-02 7.864379112589508364e-03 1.881885099829843921e-01
3.282027027871620845e-02 7.887389082968791418e-03 1.880272570776085062e-01
3.266959875406916236e-02 7.913965095053179105e-03 1.878496806616553050e-01
3.282027027871620845e-02 7.887389082968791418e-03 1.880272570776085062e-01
3.283972596683418926e-02 7.825052889147560142e-03 1.885879984381824970e-01
3.296642948945117252e-02 7.864379112589508364e-03 1.881885099829843921e-01
3.296642948945117252e-02 7.864379112589508364e-03 1.881885099829843921e-01
3.266959875406916236e-02 7.913965095053179105e-03 1.878496806616553050e-01
3.296642948945117252e-02 7.864379112589508364e-03 1.881885099829843921e-01
3.282027027871620845e-02 7.887389082968791418e-03 1.880272570776085062e-01
3.268797500443847842e-02 7.800279819158665619e-03 1.889017109072898548e-01
3.296642948945117252e-02 7.864379112589508364e-03 1.881885099829843921e-01
3.266959875406916236e-02 7.913965095053179105e-03 1.878496806616553050e-01
3.266959875406916236e-02 7.913965095053179105e-03 1.878496806616553050e-01
3.285131888221147489e-02 7.763937423729723453e-03 1.891283684376023622e-01
3.266959875406916236e-02 7.913965095053179105e-03 1.878496806616553050e-01
3.282027027871620845e-02 7.887389082968791418e-03 1.880272570776085062e-01
3.296642948945117252e-02 7.864379112589508364e-03 1.881885099829843921e-01
3.282027027871620845e-02 7.887389082968791418e-03 1.880272570776085062e-01
3.282027027871620845e-02 7.887389082968791418e-03 1.880272570776085062e-01
3.266959875406916236e-02 7.913965095053179105e-03 1.878496806616553050e-01
3.266959875406916236e-02 7.913965095053179105e-03 1.878496806616553050e-01
3.296642948945117252e-02 7.864379112589508364e-03 1.881885099829843921e-01
3.296642948945117252e-02 7.864379112589508364e-03 1.881885099829843921e-01
3.296642948945117252e-02 7.864379112589508364e-03 1.881885099829843921e-01
3.268797500443847842e-02 7.800279819158665619e-03 1.889017109072898548e-01
3.268797500443847842e-02 7.800279819158665619e-03 1.889017109072898548e-01
3.296642948945117252e-02 7.864379112589508364e-03 1.881885099829843921e-01
3.283972596683418926e-02 7.825052889147560142e-03 1.885879984381824970e-01
3.282027027871620845e-02 7.887389082968791418e-03 1.880272570776085062e-01
3.285131888221147489e-02 7.763937423729723453e-03 1.891283684376023622e-01
3.282027027871620845e-02 7.887389082968791418e-03 1.880272570776085062e-01
3.283972596683418926e-02 7.825052889147560142e-03 1.885879984381824970e-01
3.266959875406916236e-02 7.913965095053179105e-03 1.878496806616553050e-01
3.283972596683418926e-02 7.825052889147560142e-03 1.885879984381824970e-01
3.266959875406916236e-02 7.913965095053179105e-03 1.878496806616553050e-01
3.285131888221147489e-02 7.763937423729723453e-03 1.891283684376023622e-01
3.277450322741980171e-02 7.932175915604517194e-03 1.880219499402956129e-01
3.282027027871620845e-02 7.887389082968791418e-03 1.880272570776085062e-01
3.266959875406916236e-02 7.913965095053179105e-03 1.878496806616553050e-01
3.266959875406916236e-02 7.913965095053179105e-03 1.878496806616553050e-01
3.266959875406916236e-02 7.913965095053179105e-03 1.878496806616553050e-01
3.299106835157017414e-02 7.797885826136498680e-03 1.887690630534383796e-01
3.266959875406916236e-02 7.913965095053179105e-03 1.878496806616553050e-01
3.282027027871620845e-02 7.887389082968791418e-03 1.880272570776085062e-01
3.299106835157017414e-02 7.797885826136498680e-03 1.887690630534383796e-01
3.285131888221147489e-02 7.763937423729723453e-03 1.891283684376023622e-01
3.296642948945117252e-02 7.864379112589508364e-03 1.881885099829843921e-01
3.282027027871620845e-02 7.887389082968791418e-03 1.880272570776085062e-01
3.296642948945117252e-02 7.864379112589508364e-03 1.881885099829843921e-01
3.282027027871620845e-02 7.887389082968791418e-03 1.880272570776085062e-01
3.282027027871620845e-02 7.887389082968791418e-03 1.880272570776085062e-01
3.283972596683418926e-02 7.825052889147560142e-03 1.885879984381824970e-01
3.266959875406916236e-02 7.913965095053179105e-03 1.878496806616553050e-01
3.299106835157017414e-02 7.797885826136498680e-03 1.887690630534383796e-01
3.282027027871620845e-02 7.887389082968791418e-03 1.880272570776085062e-01
3.299106835157017414e-02 7.797885826136498680e-03 1.887690630534383796e-01
3.282027027871620845e-02 7.887389082968791418e-03 1.880272570776085062e-01
3.282027027871620845e-02 7.887389082968791418e-03 1.880272570776085062e-01
3.282027027871620845e-02 7.887389082968791418e-03 1.880272570776085062e-01
3.282027027871620845e-02 7.887389082968791418e-03 1.880272570776085062e-01
3.268797500443847842e-02 7.800279819158665619e-03 1.889017109072898548e-01
3.299106835157017414e-02 7.797885826136498680e-03 1.887690630534383796e-01
3.310866421026777834e-02 7.844796312068507554e-03 1.883349711933172133e-01
3.282027027871620845e-02 7.887389082968791418e-03 1.880272570776085062e-01
3.266959875406916236e-02 7.913965095053179105e-03 1.878496806616553050e-01
3.282027027871620845e-02 7.887389082968791418e-03 1.880272570776085062e-01
3.296642948945117252e-02 7.864379112589508364e-03 1.881885099829843921e-01
3.266959875406916236e-02 7.913965095053179105e-03 1.878496806616553050e-01
3.266959875406916236e-02 7.913965095053179105e-03 1.878496806616553050e-01
3.299106835157017414e-02 7.797885826136498680e-03 1.887690630534383796e-01
3.282027027871620845e-02 7.887389082968791418e-03 1.880272570776085062e-01
3.296642948945117252e-02 7.864379112589508364e-03 1.881885099829843921e-01
3.283972596683418926e-02 7.825052889147560142e-03 1.885879984381824970e-01
3.282027027871620845e-02 7.887389082968791418e-03 1.880272570776085062e-01
3.266959875406916236e-02 7.913965095053179105e-03 1.878496806616553050e-01
3.282027027871620845e-02 7.887389082968791418e-03 1.880272570776085062e-01
3.268797500443847842e-02 7.800279819158665619e-03 1.889017109072898548e-01
3.301348096214498651e-02 7.943763374277464442e-03 1.884507080477785534e-01
3.282027027871620845e-02 7.887389082968791418e-03 1.880272570776085062e-01
3.282027027871620845e-02 7.887389082968791418e-03 1.880272570776085062e-01
3.296642948945117252e-02 7.864379112589508364e-03 1.881885099829843921e-01
3.266959875406916236e-02 7.913965095053179105e-03 1.878496806616553050e-01
3.279402310583165447e-02 7.950440519206299073e-03 1.874516821778531017e-01
3.266959875406916236e-02 7.913965095053179105e-03 1.878496806616553050e-01
3.282027027871620845e-02 7.887389082968791418e-03 1.880272570776085062e-01
3.299106835157017414e-02 7.797885826136498680e-03 1.887690630534383796e-01
3.296642948945117252e-02 7.864379112589508364e-03 1.881885099829843921e-01
3.282027027871620845e-02 7.887389082968791418e-03 1.880272570776085062e-01
3.266959875406916236e-02 7.913965095053179105e-03 1.878496806616553050e-01
3.266959875406916236e-02 7.913965095053179105e-03 1.878496806616553050e-01
3.282027027871620845e-02 7.887389082968791418e-03 1.880272570776085062e-01
3.268797500443847842e-02 7.800279819158665619e-03 1.889017109072898548e-01
3.266959875406916236e-02 7.913965095053179105e-03 1.878496806616553050e-01
3.282027027871620845e-02 7.887389082968791418e-03 1.880272570776085062e-01
3.266959875406916236e-02 7.913965095053179105e-03 1.878496806616553050e-01
3.285131888221147489e-02 7.763937423729723453e-03 1.891283684376023622e-01
3.296642948945117252e-02 7.864379112589508364e-03 1.881885099829843921e-01
3.283972596683418926e-02 7.825052889147560142e-03 1.885879984381824970e-01
3.266959875406916236e-02 7.913965095053179105e-03 1.878496806616553050e-01
3.266959875406916236e-02 7.913965095053179105e-03 1.878496806616553050e-01
3.266959875406916236e-02 7.913965095053179105e-03 1.878496806616553050e-01
3.282027027871620845e-02 7.887389082968791418e-03 1.880272570776085062e-01
3.282027027871620845e-02 7.887389082968791418e-03 1.880272570776085062e-01
3.266959875406916236e-02 7.913965095053179105e-03 1.878496806616553050e-01
3.283972596683418926e-02 7.825052889147560142e-03 1.885879984381824970e-01
3.296642948945117252e-02 7.864379112589508364e-03 1.881885099829843921e-01
3.266959875406916236e-02 7.913965095053179105e-03 1.878496806616553050e-01
3.282027027871620845e-02 7.887389082968791418e-03 1.880272570776085062e-01
3.296642948945117252e-02 7.864379112589508364e-03 1.881885099829843921e-01
3.266959875406916236e-02 7.913965095053179105e-03 1.878496806616553050e-01
3.282027027871620845e-02 7.887389082968791418e-03 1.880272570776085062e-01
3.266959875406916236e-02 7.913965095053179105e-03 1.878496806616553050e-01
3.282027027871620845e-02 7.887389082968791418e-03 1.880272570776085062e-01
3.282027027871620845e-02 7.887389082968791418e-03 1.880272570776085062e-01
3.266959875406916236e-02 7.913965095053179105e-03 1.878496806616553050e-01
3.296642948945117252e-02 7.864379112589508364e-03 1.881885099829843921e-01
3.282027027871620845e-02 7.887389082968791418e-03 1.880272570776085062e-01
3.282027027871620845e-02 7.887389082968791418e-03 1.880272570776085062e-01
3.282027027871620845e-02 7.887389082968791418e-03 1.880272570776085062e-01
3.296642948945117252e-02 7.864379112589508364e-03 1.881885099829843921e-01
3.266959875406916236e-02 7.913965095053179105e-03 1.878496806616553050e-01
3.282027027871620845e-02 7.887389082968791418e-03 1.880272570776085062e-01
3.283972596683418926e-02 7.825052889147560142e-03 1.885879984381824970e-01
3.299106835157017414e-02 7.797885826136498680e-03 1.887690630534383796e-01
3.266959875406916236e-02 7.913965095053179105e-03 1.878496806616553050e-01
3.296642948945117252e-02 7.864379112589508364e-03 1.881885099829843921e-01
3.283972596683418926e-02 7.825052889147560142e-03 1.885879984381824970e-01
3.296642948945117252e-02 7.864379112589508364e-03 1.881885099829843921e-01
3.266959875406916236e-02 7.913965095053179105e-03 1.878496806616553050e-01
3.285131888221147489e-02 7.763937423729723453e-03 1.891283684376023622e-01
3.296642948945117252e-02 7.864379112589508364e-03 1.881885099829843921e-01
3.266959875406916236e-02 7.913965095053179105e-03 1.878496806616553050e-01
3.266959875406916236e-02 7.913965095053179105e-03 1.878496806616553050e-01
3.282027027871620845e-02 7.887389082968791418e-03 1.880272570776085062e-01
3.296642948945117252e-02 7.864379112589508364e-03 1.881885099829843921e-01
3.282027027871620845e-02 7.887389082968791418e-03 1.880272570776085062e-01
3.299106835157017414e-02 7.797885826136498680e-03 1.887690630534383796e-01
3.282027027871620845e-02 7.887389082968791418e-03 1.880272570776085062e-01
3.282027027871620845e-02 7.887389082968791418e-03 1.880272570776085062e-01
3.296642948945117252e-02 7.864379112589508364e-03 1.881885099829843921e-01
3.266959875406916236e-02 7.913965095053179105e-03 1.878496806616553050e-01
3.283972596683418926e-02 7.825052889147560142e-03 1.885879984381824970e-01
3.266959875406916236e-02 7.913965095053179105e-03 1.878496806616553050e-01
3.282027027871620845e-02 7.887389082968791418e-03 1.880272570776085062e-01
3.266959875406916236e-02 7.913965095053179105e-03 1.878496806616553050e-01
3.266959875406916236e-02 7.913965095053179105e-03 1.878496806616553050e-01
3.282027027871620845e-02 7.887389082968791418e-03 1.880272570776085062e-01
3.282027027871620845e-02 7.887389082968791418e-03 1.880272570776085062e-01
3.299106835157017414e-02 7.797885826136498680e-03 1.887690630534383796e-01
3.268797500443847842e-02 7.800279819158665619e-03 1.889017109072898548e-01
3.282027027871620845e-02 7.887389082968791418e-03 1.880272570776085062e-01
3.282027027871620845e-02 7.887389082968791418e-03 1.880272570776085062e-01
3.283972596683418926e-02 7.825052889147560142e-03 1.885879984381824970e-01
3.282027027871620845e-02 7.887389082968791418e-03 1.880272570776085062e-01
3.283972596683418926e-02 7.825052889147560142e-03 1.885879984381824970e-01
3.266959875406916236e-02 7.913965095053179105e-03 1.878496806616553050e-01
3.266959875406916236e-02 7.913965095053179105e-03 1.878496806616553050e-01
3.282027027871620845e-02 7.887389082968791418e-03 1.880272570776085062e-01
3.282027027871620845e-02 7.887389082968791418e-03 1.880272570776085062e-01
3.266959875406916236e-02 7.913965095053179105e-03 1.878496806616553050e-01
3.282027027871620845e-02 7.887389082968791418e-03 1.880272570776085062e-01
3.283972596683418926e-02 7.825052889147560142e-03 1.885879984381824970e-01
3.266959875406916236e-02 7.913965095053179105e-03 1.878496806616553050e-01
3.283972596683418926e-02 7.825052889147560142e-03 1.885879984381824970e-01
3.296642948945117252e-02 7.864379112589508364e-03 1.881885099829843921e-01
3.282027027871620845e-02 7.887389082968791418e-03 1.880272570776085062e-01
3.266959875406916236e-02 7.913965095053179105e-03 1.878496806616553050e-01
3.299106835157017414e-02 7.797885826136498680e-03 1.887690630534383796e-01
3.282027027871620845e-02 7.887389082968791418e-03 1.880272570776085062e-01
3.266959875406916236e-02 7.913965095053179105e-03 1.878496806616553050e-01
3.283972596683418926e-02 7.825052889147560142e-03 1.885879984381824970e-01
3.282027027871620845e-02 7.887389082968791418e-03 1.880272570776085062e-01
3.299106835157017414e-02 7.797885826136498680e-03 1.887690630534383796e-01
3.296642948945117252e-02 7.864379112589508364e-03 1.881885099829843921e-01
3.266959875406916236e-02 7.913965095053179105e-03 1.878496806616553050e-01
3.266959875406916236e-02 7.913965095053179105e-03 1.878496806616553050e-01
3.266959875406916236e-02 7.913965095053179105e-03 1.878496806616553050e-01
3.268797500443847842e-02 7.800279819158665619e-03 1.889017109072898548e-01
3.282027027871620845e-02 7.887389082968791418e-03 1.880272570776085062e-01
3.299106835157017414e-02 7.797885826136498680e-03 1.887690630534383796e-01
3.266959875406916236e-02 7.913965095053179105e-03 1.878496806616553050e-01
3.300846944070873201e-02 7.731848057079572338e-03 1.893330218661170850e-01
3.299106835157017414e-02 7.797885826136498680e-03 1.887690630534383796e-01
3.266959875406916236e-02 7.913965095053179105e-03 1.878496806616553050e-01
3.266959875406916236e-02 7.913965095053179105e-03 1.878496806616553050e-01
3.266959875406916236e-02 7.913965095053179105e-03 1.878496806616553050e-01
3.296642948945117252e-02 7.864379112589508364e-03 1.881885099829843921e-01
3.282027027871620845e-02 7.887389082968791418e-03 1.880272570776085062e-01
3.299106835157017414e-02 7.797885826136498680e-03 1.887690630534383796e-01
3.266959875406916236e-02 7.913965095053179105e-03 1.878496806616553050e-01
3.282027027871620845e-02 7.887389082968791418e-03 1.880272570776085062e-01
3.268797500443847842e-02 7.800279819158665619e-03 1.889017109072898548e-01
3.266959875406916236e-02 7.913965095053179105e-03 1.878496806616553050e-01
3.282027027871620845e-02 7.887389082968791418e-03 1.880272570776085062e-01
3.282027027871620845e-02 7.887389082968791418e-03 1.880272570776085062e-01
3.283972596683418926e-02 7.825052889147560142e-03 1.885879984381824970e-01
3.266959875406916236e-02 7.913965095053179105e-03 1.878496806616553050e-01
3.283972596683418926e-02 7.825052889147560142e-03 1.885879984381824970e-01
3.282027027871620845e-02 7.887389082968791418e-03 1.880272570776085062e-01
3.266959875406916236e-02 7.913965095053179105e-03 1.878496806616553050e-01
3.266959875406916236e-02 7.913965095053179105e-03 1.878496806616553050e-01
3.299106835157017414e-02 7.797885826136498680e-03 1.887690630534383796e-01
3.266959875406916236e-02 7.913965095053179105e-03 1.878496806616553050e-01
3.266959875406916236e-02 7.913965095053179105e-03 1.878496806616553050e-01
3.266959875406916236e-02 7.913965095053179105e-03 1.878496806616553050e-01
3.266959875406916236e-02 7.913965095053179105e-03 1.878496806616553050e-01
3.266959875406916236e-02 7.913965095053179105e-03 1.878496806616553050e-01
3.266959875406916236e-02 7.913965095053179105e-03 1.878496806616553050e-01
3.282027027871620845e-02 7.887389082968791418e-03 1.880272570776085062e-01
3.296642948945117252e-02 7.864379112589508364e-03 1.881885099829843921e-01
3.296642948945117252e-02 7.864379112589508364e-03 1.881885099829843921e-01
3.266959875406916236e-02 7.913965095053179105e-03 1.878496806616553050e-01
3.282027027871620845e-02 7.887389082968791418e-03 1.880272570776085062e-01
3.299106835157017414e-02 7.797885826136498680e-03 1.887690630534383796e-01
3.282027027871620845e-02 7.887389082968791418e-03 1.880272570776085062e-01
3.266959875406916236e-02 7.913965095053179105e-03 1.878496806616553050e-01
3.266959875406916236e-02 7.913965095053179105e-03 1.878496806616553050e-01
3.296642948945117252e-02 7.864379112589508364e-03 1.881885099829843921e-01
3.282027027871620845e-02 7.887389082968791418e-03 1.880272570776085062e-01
3.266959875406916236e-02 7.913965095053179105e-03 1.878496806616553050e-01
3.266959875406916236e-02 7.913965095053179105e-03 1.878496806616553050e-01
3.282027027871620845e-02 7.887389082968791418e-03 1.880272570776085062e-01
3.266959875406916236e-02 7.913965095053179105e-03 1.878496806616553050e-01
3.266959875406916236e-02 7.913965095053179105e-03 1.878496806616553050e-01
3.266959875406916236e-02 7.913965095053179105e-03 1.878496806616553050e-01
3.266959875406916236e-02 7.913965095053179105e-03 1.878496806616553050e-01
3.266959875406916236e-02 7.913965095053179105e-03 1.878496806616553050e-01
3.299106835157017414e-02 7.797885826136498680e-03 1.887690630534383796e-01
3.282027027871620845e-02 7.887389082968791418e-03 1.880272570776085062e-01
3.283972596683418926e-02 7.825052889147560142e-03 1.885879984381824970e-01
3.266959875406916236e-02 7.913965095053179105e-03 1.878496806616553050e-01
3.266959875406916236e-02 7.913965095053179105e-03 1.878496806616553050e-01
3.266959875406916236e-02 7.913965095053179105e-03 1.878496806616553050e-01
3.282027027871620845e-02 7.887389082968791418e-03 1.880272570776085062e-01
3.296642948945117252e-02 7.864379112589508364e-03 1.881885099829843921e-01
3.282027027871620845e-02 7.887389082968791418e-03 1.880272570776085062e-01
3.282027027871620845e-02 7.887389082968791418e-03 1.880272570776085062e-01
3.266959875406916236e-02 7.913965095053179105e-03 1.878496806616553050e-01
3.296642948945117252e-02 7.864379112589508364e-03 1.881885099829843921e-01
3.266959875406916236e-02 7.913965095053179105e-03 1.878496806616553050e-01
3.296642948945117252e-02 7.864379112589508364e-03 1.881885099829843921e-01
3.285131888221147489e-02 7.763937423729723453e-03 1.891283684376023622e-01
3.266959875406916236e-02 7.913965095053179105e-03 1.878496806616553050e-01
3.277390363661530220e-02 7.806259777336503614e-03 1.877691372951777182e-01
3.282027027871620845e-02 7.887389082968791418e-03 1.880272570776085062e-01
3.296642948945117252e-02 7.864379112589508364e-03 1.881885099829843921e-01
3.266959875406916236e-02 7.913965095053179105e-03 1.878496806616553050e-01
3.282027027871620845e-02 7.887389082968791418e-03 1.880272570776085062e-01
3.282027027871620845e-02 7.887389082968791418e-03 1.880272570776085062e-01
3.266959875406916236e-02 7.913965095053179105e-03 1.878496806616553050e-01
3.296642948945117252e-02 7.864379112589508364e-03 1.881885099829843921e-01
3.266959875406916236e-02 7.913965095053179105e-03 1.878496806616553050e-01
3.296642948945117252e-02 7.864379112589508364e-03 1.881885099829843921e-01
3.283972596683418926e-02 7.825052889147560142e-03 1.885879984381824970e-01
3.283972596683418926e-02 7.825052889147560142e-03 1.885879984381824970e-01
3.266959875406916236e-02 7.913965095053179105e-03 1.878496806616553050e-01
3.282027027871620845e-02 7.887389082968791418e-03 1.880272570776085062e-01
3.266959875406916236e-02 7.913965095053179105e-03 1.878496806616553050e-01
3.296642948945117252e-02 7.864379112589508364e-03 1.881885099829843921e-01
3.283972596683418926e-02 7.825052889147560142e-03 1.885879984381824970e-01
3.266959875406916236e-02 7.913965095053179105e-03 1.878496806616553050e-01
3.310866421026777834e-02 7.844796312068507554e-03 1.883349711933172133e-01
3.266959875406916236e-02 7.913965095053179105e-03 1.878496806616553050e-01
3.283972596683418926e-02 7.825052889147560142e-03 1.885879984381824970e-01
3.266959875406916236e-02 7.913965095053179105e-03 1.878496806616553050e-01
3.282027027871620845e-02 7.887389082968791418e-03 1.880272570776085062e-01
3.266959875406916236e-02 7.913965095053179105e-03 1.878496806616553050e-01
3.283972596683418926e-02 7.825052889147560142e-03 1.885879984381824970e-01
3.296642948945117252e-02 7.864379112589508364e-03 1.881885099829843921e-01
3.283972596683418926e-02 7.825052889147560142e-03 1.885879984381824970e-01
3.282027027871620845e-02 7.887389082968791418e-03 1.880272570776085062e-01
3.266959875406916236e-02 7.913965095053179105e-03 1.878496806616553050e-01
3.266959875406916236e-02 7.913965095053179105e-03 1.878496806616553050e-01
3.266959875406916236e-02 7.913965095053179105e-03 1.878496806616553050e-01
3.296642948945117252e-02 7.864379112589508364e-03 1.881885099829843921e-01
3.296642948945117252e-02 7.864379112589508364e-03 1.881885099829843921e-01
3.282027027871620845e-02 7.887389082968791418e-03 1.880272570776085062e-01
3.296642948945117252e-02 7.864379112589508364e-03 1.881885099829843921e-01
3.282027027871620845e-02 7.887389082968791418e-03 1.880272570776085062e-01
3.283972596683418926e-02 7.825052889147560142e-03 1.885879984381824970e-01
3.266959875406916236e-02 7.913965095053179105e-03 1.878496806616553050e-01
3.266959875406916236e-02 7.913965095053179105e-03 1.878496806616553050e-01
3.266959875406916236e-02 7.913965095053179105e-03 1.878496806616553050e-01
3.266959875406916236e-02 7.913965095053179105e-03 1.878496806616553050e-01
3.283972596683418926e-02 7.825052889147560142e-03 1.885879984381824970e-01
3.268797500443847842e-02 7.800279819158665619e-03 1.889017109072898548e-01
3.296642948945117252e-02 7.864379112589508364e-03 1.881885099829843921e-01
3.266959875406916236e-02 7.913965095053179105e-03 1.878496806616553050e-01
3.277450322741980171e-02 7.932175915604517194e-03 1.880219499402956129e-01
3.266959875406916236e-02 7.913965095053179105e-03 1.878496806616553050e-01
3.266959875406916236e-02 7.913965095053179105e-03 1.878496806616553050e-01
3.266959875406916236e-02 7.913965095053179105e-03 1.878496806616553050e-01
3.296642948945117252e-02 7.864379112589508364e-03 1.881885099829843921e-01
3.282027027871620845e-02 7.887389082968791418e-03 1.880272570776085062e-01
3.266959875406916236e-02 7.913965095053179105e-03 1.878496806616553050e-01
3.282027027871620845e-02 7.887389082968791418e-03 1.880272570776085062e-01
3.282027027871620845e-02 7.887389082968791418e-03 1.880272570776085062e-01
3.271549871182972274e-02 7.996865458514570632e-03 1.881039639414847087e-01
3.282027027871620845e-02 7.887389082968791418e-03 1.880272570776085062e-01
3.285131888221147489e-02 7.763937423729723453e-03 1.891283684376023622e-01
3.282027027871620845e-02 7.887389082968791418e-03 1.880272570776085062e-01
3.282027027871620845e-02 7.887389082968791418e-03 1.880272570776085062e-01
3.266959875406916236e-02 7.913965095053179105e-03 1.878496806616553050e-01
3.296642948945117252e-02 7.864379112589508364e-03 1.881885099829843921e-01
3.266959875406916236e-02 7.913965095053179105e-03 1.878496806616553050e-01
3.282027027871620845e-02 7.887389082968791418e-03 1.880272570776085062e-01
3.296642948945117252e-02 7.864379112589508364e-03 1.881885099829843921e-01
3.266959875406916236e-02 7.913965095053179105e-03 1.878496806616553050e-01
3.266959875406916236e-02 7.913965095053179105e-03 1.878496806616553050e-01
3.266959875406916236e-02 7.913965095053179105e-03 1.878496806616553050e-01
3.282027027871620845e-02 7.887389082968791418e-03 1.880272570776085062e-01
3.296642948945117252e-02 7.864379112589508364e-03 1.881885099829843921e-01
3.282027027871620845e-02 7.887389082968791418e-03 1.880272570776085062e-01
3.299106835157017414e-02 7.797885826136498680e-03 1.887690630534383796e-01
3.282027027871620845e-02 7.887389082968791418e-03 1.880272570776085062e-01
3.296642948945117252e-02 7.864379112589508364e-03 1.881885099829843921e-01
3.268797500443847842e-02 7.800279819158665619e-03 1.889017109072898548e-01
3.266959875406916236e-02 7.913965095053179105e-03 1.878496806616553050e-01
3.266959875406916236e-02 7.913965095053179105e-03 1.878496806616553050e-01
3.299106835157017414e-02 7.797885826136498680e-03 1.887690630534383796e-01
3.266959875406916236e-02 7.913965095053179105e-03 1.878496806616553050e-01
3.283972596683418926e-02 7.825052889147560142e-03 1.885879984381824970e-01
3.282027027871620845e-02 7.887389082968791418e-03 1.880272570776085062e-01
3.282027027871620845e-02 7.887389082968791418e-03 1.880272570776085062e-01
3.282027027871620845e-02 7.887389082968791418e-03 1.880272570776085062e-01
3.283972596683418926e-02 7.825052889147560142e-03 1.885879984381824970e-01
3.266959875406916236e-02 7.913965095053179105e-03 1.878496806616553050e-01
3.296642948945117252e-02 7.864379112589508364e-03 1.881885099829843921e-01
3.282027027871620845e-02 7.887389082968791418e-03 1.880272570776085062e-01
3.268797500443847842e-02 7.800279819158665619e-03 1.889017109072898548e-01
3.266959875406916236e-02 7.913965095053179105e-03 1.878496806616553050e-01
3.283972596683418926e-02 7.825052889147560142e-03 1.885879984381824970e-01
3.283972596683418926e-02 7.825052889147560142e-03 1.885879984381824970e-01
3.282027027871620845e-02 7.887389082968791418e-03 1.880272570776085062e-01
3.282027027871620845e-02 7.887389082968791418e-03 1.880272570776085062e-01
3.266959875406916236e-02 7.913965095053179105e-03 1.878496806616553050e-01
3.266959875406916236e-02 7.913965095053179105e-03 1.878496806616553050e-01
3.282027027871620845e-02 7.887389082968791418e-03 1.880272570776085062e-01
3.268797500443847842e-02 7.800279819158665619e-03 1.889017109072898548e-01
3.266959875406916236e-02 7.913965095053179105e-03 1.878496806616553050e-01
3.266959875406916236e-02 7.913965095053179105e-03 1.878496806616553050e-01
3.299106835157017414e-02 7.797885826136498680e-03 1.887690630534383796e-01
3.282027027871620845e-02 7.887389082968791418e-03 1.880272570776085062e-01
3.282027027871620845e-02 7.887389082968791418e-03 1.880272570776085062e-01
3.267789813381935526e-02 8.044666116272837508e-03 1.881736175877449235e-01
3.296642948945117252e-02 7.864379112589508364e-03 1.881885099829843921e-01
3.282027027871620845e-02 7.887389082968791418e-03 1.880272570776085062e-01
3.266959875406916236e-02 7.913965095053179105e-03 1.878496806616553050e-01
3.282027027871620845e-02 7.887389082968791418e-03 1.880272570776085062e-01
3.282027027871620845e-02 7.887389082968791418e-03 1.880272570776085062e-01
3.266959875406916236e-02 7.913965095053179105e-03 1.878496806616553050e-01
3.283972596683418926e-02 7.825052889147560142e-03 1.885879984381824970e-01
3.266959875406916236e-02 7.913965095053179105e-03 1.878496806616553050e-01
3.268797500443847842e-02 7.800279819158665619e-03 1.889017109072898548e-01
3.266959875406916236e-02 7.913965095053179105e-03 1.878496806616553050e-01
3.268797500443847842e-02 7.800279819158665619e-03 1.889017109072898548e-01
3.282027027871620845e-02 7.887389082968791418e-03 1.880272570776085062e-01
3.285131888221147489e-02 7.763937423729723453e-03 1.891283684376023622e-01
3.268797500443847842e-02 7.800279819158665619e-03 1.889017109072898548e-01
3.296642948945117252e-02 7.864379112589508364e-03 1.881885099829843921e-01
3.282027027871620845e-02 7.887389082968791418e-03 1.880272570776085062e-01
3.266959875406916236e-02 7.913965095053179105e-03 1.878496806616553050e-01
3.266959875406916236e-02 7.913965095053179105e-03 1.878496806616553050e-01
3.268797500443847842e-02 7.800279819158665619e-03 1.889017109072898548e-01
3.266959875406916236e-02 7.913965095053179105e-03 1.878496806616553050e-01
3.266959875406916236e-02 7.913965095053179105e-03 1.878496806616553050e-01
3.282027027871620845e-02 7.887389082968791418e-03 1.880272570776085062e-01
3.282027027871620845e-02 7.887389082968791418e-03 1.880272570776085062e-01
3.282027027871620845e-02 7.887389082968791418e-03 1.880272570776085062e-01
3.282027027871620845e-02 7.887389082968791418e-03 1.880272570776085062e-01
3.266959875406916236e-02 7.913965095053179105e-03 1.878496806616553050e-01
3.266959875406916236e-02 7.913965095053179105e-03 1.878496806616553050e-01
3.282027027871620845e-02 7.887389082968791418e-03 1.880272570776085062e-01
3.266959875406916236e-02 7.913965095053179105e-03 1.878496806616553050e-01
3.266959875406916236e-02 7.913965095053179105e-03 1.878496806616553050e-01
3.296642948945117252e-02 7.864379112589508364e-03 1.881885099829843921e-01
3.268797500443847842e-02 7.800279819158665619e-03 1.889017109072898548e-01
3.296642948945117252e-02 7.864379112589508364e-03 1.881885099829843921e-01
3.266959875406916236e-02 7.913965095053179105e-03 1.878496806616553050e-01
3.266959875406916236e-02 7.913965095053179105e-03 1.878496806616553050e-01
3.283972596683418926e-02 7.825052889147560142e-03 1.885879984381824970e-01
3.266959875406916236e-02 7.913965095053179105e-03 1.878496806616553050e-01
3.282027027871620845e-02 7.887389082968791418e-03 1.880272570776085062e-01
3.299106835157017414e-02 7.797885826136498680e-03 1.887690630534383796e-01
3.283972596683418926e-02 7.825052889147560142e-03 1.885879984381824970e-01
3.266959875406916236e-02 7.913965095053179105e-03 1.878496806616553050e-01
3.283972596683418926e-02 7.825052889147560142e-03 1.885879984381824970e-01
3.282027027871620845e-02 7.887389082968791418e-03 1.880272570776085062e-01
3.282027027871620845e-02 7.887389082968791418e-03 1.880272570776085062e-01
3.266959875406916236e-02 7.913965095053179105e-03 1.878496806616553050e-01
3.282027027871620845e-02 7.887389082968791418e-03 1.880272570776085062e-01
3.266959875406916236e-02 7.913965095053179105e-03 1.878496806616553050e-01
3.296642948945117252e-02 7.864379112589508364e-03 1.881885099829843921e-01
3.296642948945117252e-02 7.864379112589508364e-03 1.881885099829843921e-01
3.282027027871620845e-02 7.887389082968791418e-03 1.880272570776085062e-01
3.268797500443847842e-02 7.800279819158665619e-03 1.889017109072898548e-01
3.266959875406916236e-02 7.913965095053179105e-03 1.878496806616553050e-01
3.296642948945117252e-02 7.864379112589508364e-03 1.881885099829843921e-01
3.282027027871620845e-02 7.887389082968791418e-03 1.880272570776085062e-01
3.266959875406916236e-02 7.913965095053179105e-03 1.878496806616553050e-01
3.266959875406916236e-02 7.913965095053179105e-03 1.878496806616553050e-01
3.296642948945117252e-02 7.864379112589508364e-03 1.881885099829843921e-01
3.282027027871620845e-02 7.887389082968791418e-03 1.880272570776085062e-01
3.282027027871620845e-02 7.887389082968791418e-03 1.880272570776085062e-01
3.282027027871620845e-02 7.887389082968791418e-03 1.880272570776085062e-01
3.296642948945117252e-02 7.864379112589508364e-03 1.881885099829843921e-01
3.266959875406916236e-02 7.913965095053179105e-03 1.878496806616553050e-01
3.282027027871620845e-02 7.887389082968791418e-03 1.880272570776085062e-01
3.266959875406916236e-02 7.913965095053179105e-03 1.878496806616553050e-01
3.296642948945117252e-02 7.864379112589508364e-03 1.881885099829843921e-01
3.282027027871620845e-02 7.887389082968791418e-03 1.880272570776085062e-01
3.266959875406916236e-02 7.913965095053179105e-03 1.878496806616553050e-01
3.282027027871620845e-02 7.887389082968791418e-03 1.880272570776085062e-01
3.282027027871620845e-02 7.887389082968791418e-03 1.880272570776085062e-01
3.282027027871620845e-02 7.887389082968791418e-03 1.880272570776085062e-01
3.296642948945117252e-02 7.864379112589508364e-03 1.881885099829843921e-01
3.299106835157017414e-02 7.797885826136498680e-03 1.887690630534383796e-01
3.282027027871620845e-02 7.887389082968791418e-03 1.880272570776085062e-01
3.266959875406916236e-02 7.913965095053179105e-03 1.878496806616553050e-01
3.282027027871620845e-02 7.887389082968791418e-03 1.880272570776085062e-01
3.282027027871620845e-02 7.887389082968791418e-03 1.880272570776085062e-01
3.282027027871620845e-02 7.887389082968791418e-03 1.880272570776085062e-01
3.282027027871620845e-02 7.887389082968791418e-03 1.880272570776085062e-01
3.282027027871620845e-02 7.887389082968791418e-03 1.880272570776085062e-01
3.282027027871620845e-02 7.887389082968791418e-03 1.880272570776085062e-01
3.266959875406916236e-02 7.913965095053179105e-03 1.878496806616553050e-01
3.282027027871620845e-02 7.887389082968791418e-03 1.880272570776085062e-01
3.282027027871620845e-02 7.887389082968791418e-03 1.880272570776085062e-01
3.266959875406916236e-02 7.913965095053179105e-03 1.878496806616553050e-01
