5.640257211358492423e-03 1.783567299791022093e-03 1.002238978553936649e-01
5.774282937700601567e-03 1.870521730109955989e-03 1.000900895684963821e-01
5.774282937700601567e-03 1.870521730109955989e-03 1.000900895684963821e-01
5.863983973433001436e-03 1.921726720630024957e-03 1.000460996845740358e-01
5.805090172495079581e-03 1.956088422530148814e-03 9.995216864317259253e-02
5.678589217485246338e-03 1.989814212335897902e-03 9.995120313332066242e-02
5.949156868333260045e-03 1.831849903512638164e-03 1.000641889235916460e-01
6.019399442111512261e-03 1.921210006886732522e-03 9.999898283107001851e-02
5.857860070448487645e-03 1.974242050183704598e-03 9.976121834702267321e-02
5.793057012955316401e-03 1.898700144248954488e-03 9.991176042645978639e-02
5.746035037552828934e-03 1.990612281021776706e-03 9.985741258020200406e-02
5.805090172495079581e-03 1.956088422530148814e-03 9.995216864317259253e-02
5.911103287083281643e-03 1.912576595763339085e-03 1.000239682365426791e-01
5.833402523131871707e-03 2.031177560666463672e-03 9.983243321407235527e-02
5.833402523131871707e-03 2.031177560666463672e-03 9.983243321407235527e-02
5.805090172495079581e-03 1.956088422530148814e-03 9.995216864317259253e-02
5.793074075408610399e-03 2.024350535121688562e-03 9.976133400636978676e-02
5.768203708149915836e-03 2.080790036262351091e-03 9.983239903468837939e-02
5.805090172495079581e-03 1.956088422530148814e-03 9.995216864317259253e-02
5.662476454300426759e-03 2.082000274015680021e-03 9.983066455084040058e-02
5.805090172495079581e-03 1.956088422530148814e-03 9.995216864317259253e-02
5.805090172495079581e-03 1.956088422530148814e-03 9.995216864317259253e-02
5.835622059855403131e-03 2.038600681650376122e-03 9.981319873769650686e-02
5.772612683283165173e-03 2.051026889943533427e-03 9.999452853258217200e-02
5.798519004179949164e-03 1.994369766083796403e-03 9.992267348158230533e-02
5.671219138007524592e-03 2.070470221717426573e-03 9.984741764459931224e-02
5.825958853790546947e-03 2.003502020723603276e-03 1.000038619959831288e-01
5.709325844737247503e-03 2.114901382860649628e-03 9.973679493246861982e-02
5.662476454300426759e-03 2.082000274015680021e-03 9.983066455084040058e-02
5.686818883673835229e-03 2.025278723035075969e-03 9.976183936042913591e-02
5.746035037552828934e-03 1.990612281021776706e-03 9.985741258020200406e-02
5.746035037552828934e-03 1.990612281021776706e-03 9.985741258020200406e-02
5.895297043579505319e-03 2.005204777635686761e-03 9.990683754854284837e-02
5.660999083534273141e-03 1.954603903247768750e-03 9.998537506803528707e-02
5.835622059855403131e-03 2.038600681650376122e-03 9.981319873769650686e-02
5.835622059855403131e-03 2.038600681650376122e-03 9.981319873769650686e-02
5.793074075408610399e-03 2.024350535121688562e-03 9.976133400636978676e-02
5.835622059855403131e-03 2.038600681650376122e-03 9.981319873769650686e-02
5.746035037552828934e-03 1.990612281021776706e-03 9.985741258020200406e-02
5.768203708149915836e-03 2.080790036262351091e-03 9.983239903468837939e-02
5.997221758594992874e-03 1.948669480506281344e-03 1.000371143739259006e-01
5.751052606524999049e-03 2.128954063197479978e-03 9.978849490173416492e-02
5.709325844737247503e-03 2.114901382860649628e-03 9.973679493246861982e-02
5.926545613895915082e-03 1.859711892320591769e-03 1.001034919533799888e-01
5.772612683283165173e-03 2.051026889943533427e-03 9.999452853258217200e-02
5.805090172495079581e-03 1.956088422530148814e-03 9.995216864317259253e-02
5.657619724508602434e-03 1.941779220565414705e-03 9.989929058032678832e-02
5.805090172495079581e-03 1.956088422530148814e-03 9.995216864317259253e-02
5.671219138007524592e-03 2.070470221717426573e-03 9.984741764459931224e-02
5.766489476027449740e-03 2.038112680891152398e-03 9.990908753058064251e-02
5.852169102458212001e-03 1.990629911882549341e-03 9.985486939293387876e-02
5.730054172819860035e-03 2.036039296213664612e-03 9.994253820218106099e-02
5.793074075408610399e-03 2.024350535121688562e-03 9.976133400636978676e-02
5.751052606524999049e-03 2.128954063197479978e-03 9.978849490173416492e-02
5.602657717601901115e-03 1.989761082149204587e-03 9.988904907355841689e-02
5.805090172495079581e-03 1.956088422530148814e-03 9.995216864317259253e-02
5.825958853790546947e-03 2.003502020723603276e-03 1.000038619959831288e-01
5.746035037552828934e-03 1.990612281021776706e-03 9.985741258020200406e-02
5.752004036337316634e-03 2.091508368878114855e-03 9.977507451634119728e-02
5.826926832762951113e-03 2.046815839216981070e-03 9.992720949714806178e-02
5.686818883673835229e-03 2.025278723035075969e-03 9.976183936042913591e-02
5.746035037552828934e-03 1.990612281021776706e-03 9.985741258020200406e-02
5.805090172495079581e-03 1.956088422530148814e-03 9.995216864317259253e-02
5.858167370313796182e-03 1.960696889186509632e-03 1.000157998649425783e-01
5.890034573387748461e-03 1.865728844319736613e-03 9.997239689399729790e-02
5.793074075408610399e-03 2.024350535121688562e-03 9.976133400636978676e-02
5.775804091714149130e-03 2.072160497646528560e-03 9.971875015644555973e-02
5.721312911363337327e-03 2.047104011145179508e-03 9.992750221670489152e-02
5.746035037552828934e-03 1.990612281021776706e-03 9.985741258020200406e-02
5.622187230138745578e-03 1.909889225053985765e-03 1.000939550332704264e-01
5.793074075408610399e-03 2.024350535121688562e-03 9.976133400636978676e-02
5.835622059855403131e-03 2.038600681650376122e-03 9.981319873769650686e-02
5.662476454300426759e-03 2.082000274015680021e-03 9.983066455084040058e-02
5.746035037552828934e-03 1.990612281021776706e-03 9.985741258020200406e-02
5.949156868333260045e-03 1.831849903512638164e-03 1.000641889235916460e-01
5.805090172495079581e-03 1.956088422530148814e-03 9.995216864317259253e-02
5.671219138007524592e-03 2.070470221717426573e-03 9.984741764459931224e-02
5.768203708149915836e-03 2.080790036262351091e-03 9.983239903468837939e-02
5.793074075408610399e-03 2.024350535121688562e-03 9.976133400636978676e-02
5.746035037552828934e-03 1.990612281021776706e-03 9.985741258020200406e-02
5.795187174501620006e-03 1.979826716075411708e-03 9.998144057870220203e-02
5.783523366148992685e-03 1.908611555464755517e-03 9.990043889354091600e-02
5.717925330354843745e-03 1.981400028951245396e-03 9.977670915412596708e-02
5.751210312300083019e-03 2.003830135981878383e-03 9.994238722020561128e-02
5.803684725305610637e-03 1.829232136986785277e-03 1.001022236536683735e-01
5.772791857047478332e-03 2.012408738696304464e-03 9.998161134454486287e-02
5.746035037552828934e-03 1.990612281021776706e-03 9.985741258020200406e-02
5.805090172495079581e-03 1.956088422530148814e-03 9.995216864317259253e-02
5.805090172495079581e-03 1.956088422530148814e-03 9.995216864317259253e-02
5.852169102458212001e-03 1.990629911882549341e-03 9.985486939293387876e-02
5.835622059855403131e-03 2.038600681650376122e-03 9.981319873769650686e-02
5.768203708149915836e-03 2.080790036262351091e-03 9.983239903468837939e-02
5.768203708149915836e-03 2.080790036262351091e-03 9.983239903468837939e-02
5.768203708149915836e-03 2.080790036262351091e-03 9.983239903468837939e-02
5.890034573387748461e-03 1.865728844319736613e-03 9.997239689399729790e-02
5.863983973433001436e-03 1.921726720630024957e-03 1.000460996845740358e-01
5.793074075408610399e-03 2.024350535121688562e-03 9.976133400636978676e-02
5.722825008631792290e-03 2.016174626358717848e-03 9.989667509075102203e-02
5.709325844737247503e-03 2.114901382860649628e-03 9.973679493246861982e-02
5.793074075408610399e-03 2.024350535121688562e-03 9.976133400636978676e-02
5.788728221949082306e-03 2.001765976541262752e-03 1.000368417361008205e-01
5.730054172819860035e-03 2.036039296213664612e-03 9.994253820218106099e-02
5.793074075408610399e-03 2.024350535121688562e-03 9.976133400636978676e-02
5.863983973433001436e-03 1.921726720630024957e-03 1.000460996845740358e-01
5.772612683283165173e-03 2.051026889943533427e-03 9.999452853258217200e-02
5.743032196192971069e-03 2.063796101341297019e-03 9.994795812152734715e-02
5.771325932061223234e-03 1.934080321135719926e-03 9.978629167550216728e-02
5.949156868333260045e-03 1.831849903512638164e-03 1.000641889235916460e-01
5.793074075408610399e-03 2.024350535121688562e-03 9.976133400636978676e-02
5.805090172495079581e-03 1.956088422530148814e-03 9.995216864317259253e-02
5.863983973433001436e-03 1.921726720630024957e-03 1.000460996845740358e-01
5.852169102458212001e-03 1.990629911882549341e-03 9.985486939293387876e-02
5.805090172495079581e-03 1.956088422530148814e-03 9.995216864317259253e-02
5.768203708149915836e-03 2.080790036262351091e-03 9.983239903468837939e-02
5.709325844737247503e-03 2.114901382860649628e-03 9.973679493246861982e-02
5.748026162039138881e-03 1.959906606229500168e-03 9.982544316348283819e-02
5.793074075408610399e-03 2.024350535121688562e-03 9.976133400636978676e-02
5.768203708149915836e-03 2.080790036262351091e-03 9.983239903468837939e-02
5.911103287083281643e-03 1.912576595763339085e-03 1.000239682365426791e-01
5.719165152168534730e-03 1.919587287160887676e-03 1.000808840158549790e-01
5.768203708149915836e-03 2.080790036262351091e-03 9.983239903468837939e-02
5.709325844737247503e-03 2.114901382860649628e-03 9.973679493246861982e-02
5.911115693278137795e-03 1.957087339618071662e-03 9.994759153469477686e-02
5.793074075408610399e-03 2.024350535121688562e-03 9.976133400636978676e-02
5.682671271428775539e-03 2.130026513193993953e-03 9.988241124819736971e-02
5.772612683283165173e-03 2.051026889943533427e-03 9.999452853258217200e-02
5.805090172495079581e-03 1.956088422530148814e-03 9.995216864317259253e-02
5.751052606524999049e-03 2.128954063197479978e-03 9.978849490173416492e-02
5.895297043579505319e-03 2.005204777635686761e-03 9.990683754854284837e-02
5.793074075408610399e-03 2.024350535121688562e-03 9.976133400636978676e-02
5.746035037552828934e-03 1.990612281021776706e-03 9.985741258020200406e-02
5.835622059855403131e-03 2.038600681650376122e-03 9.981319873769650686e-02
5.852169102458212001e-03 1.990629911882549341e-03 9.985486939293387876e-02
5.793074075408610399e-03 2.024350535121688562e-03 9.976133400636978676e-02
5.798874275498114642e-03 2.008583856465833133e-03 9.966699477214056857e-02
5.793074075408610399e-03 2.024350535121688562e-03 9.976133400636978676e-02
5.805090172495079581e-03 1.956088422530148814e-03 9.995216864317259253e-02
5.766489476027449740e-03 2.038112680891152398e-03 9.990908753058064251e-02
5.852169102458212001e-03 1.990629911882549341e-03 9.985486939293387876e-02
5.730054172819860035e-03 2.036039296213664612e-03 9.994253820218106099e-02
5.852169102458212001e-03 1.990629911882549341e-03 9.985486939293387876e-02
5.682671271428775539e-03 2.130026513193993953e-03 9.988241124819736971e-02
5.709325844737247503e-03 2.114901382860649628e-03 9.973679493246861982e-02
5.741937890563315709e-03 2.095056474421393318e-03 9.997928680506158738e-02
5.686688241807907537e-03 1.898511044906755043e-03 9.991461369362483746e-02
5.954829468346139673e-03 1.971991233306130253e-03 9.999965942638286420e-02
5.852169102458212001e-03 1.990629911882549341e-03 9.985486939293387876e-02
5.746035037552828934e-03 1.990612281021776706e-03 9.985741258020200406e-02
5.660999083534273141e-03 1.954603903247768750e-03 9.998537506803528707e-02
5.755707297263884178e-03 1.979532675473491370e-03 9.987062994054972387e-02
5.671219138007524592e-03 2.070470221717426573e-03 9.984741764459931224e-02
5.768203708149915836e-03 2.080790036262351091e-03 9.983239903468837939e-02
5.825958853790546947e-03 2.003502020723603276e-03 1.000038619959831288e-01
5.746035037552828934e-03 1.990612281021776706e-03 9.985741258020200406e-02
5.793074075408610399e-03 2.024350535121688562e-03 9.976133400636978676e-02
5.755707297263884178e-03 1.979532675473491370e-03 9.987062994054972387e-02
5.895297043579505319e-03 2.005204777635686761e-03 9.990683754854284837e-02
5.805090172495079581e-03 1.956088422530148814e-03 9.995216864317259253e-02
5.852169102458212001e-03 1.990629911882549341e-03 9.985486939293387876e-02
5.810505669305418910e-03 2.095175224945157455e-03 9.988421334095896886e-02
5.746035037552828934e-03 1.990612281021776706e-03 9.985741258020200406e-02
5.863983973433001436e-03 1.921726720630024957e-03 1.000460996845740358e-01
5.805090172495079581e-03 1.956088422530148814e-03 9.995216864317259253e-02
5.743032196192971069e-03 2.063796101341297019e-03 9.994795812152734715e-02
5.890034573387748461e-03 1.865728844319736613e-03 9.997239689399729790e-02
5.949156868333260045e-03 1.831849903512638164e-03 1.000641889235916460e-01
5.768203708149915836e-03 2.080790036262351091e-03 9.983239903468837939e-02
5.978733802515475912e-03 1.878000861773562562e-03 9.991044288351015601e-02
5.944872918705972759e-03 1.871063456845889310e-03 1.000325364182694937e-01
5.768203708149915836e-03 2.080790036262351091e-03 9.983239903468837939e-02
5.768203708149915836e-03 2.080790036262351091e-03 9.983239903468837939e-02
5.805090172495079581e-03 1.956088422530148814e-03 9.995216864317259253e-02
5.746035037552828934e-03 1.990612281021776706e-03 9.985741258020200406e-02
5.793074075408610399e-03 2.024350535121688562e-03 9.976133400636978676e-02
5.746035037552828934e-03 1.990612281021776706e-03 9.985741258020200406e-02
5.746035037552828934e-03 1.990612281021776706e-03 9.985741258020200406e-02
5.805090172495079581e-03 1.956088422530148814e-03 9.995216864317259253e-02
5.793074075408610399e-03 2.024350535121688562e-03 9.976133400636978676e-02
5.869810449497810112e-03 2.061538948758709962e-03 9.997913452508958021e-02
5.746035037552828934e-03 1.990612281021776706e-03 9.985741258020200406e-02
5.730054172819860035e-03 2.036039296213664612e-03 9.994253820218106099e-02
5.873668019121689766e-03 1.911732489726751961e-03 1.000558141089782083e-01
5.730054172819860035e-03 2.036039296213664612e-03 9.994253820218106099e-02
5.768203708149915836e-03 2.080790036262351091e-03 9.983239903468837939e-02
5.810505669305418910e-03 2.095175224945157455e-03 9.988421334095896886e-02
5.751052606524999049e-03 2.128954063197479978e-03 9.978849490173416492e-02
5.730054172819860035e-03 2.036039296213664612e-03 9.994253820218106099e-02
5.805090172495079581e-03 1.956088422530148814e-03 9.995216864317259253e-02
5.835622059855403131e-03 2.038600681650376122e-03 9.981319873769650686e-02
5.746035037552828934e-03 1.990612281021776706e-03 9.985741258020200406e-02
5.814764704923162421e-03 1.945532758377902394e-03 9.996363940012274740e-02
5.730054172819860035e-03 2.036039296213664612e-03 9.994253820218106099e-02
5.755707297263884178e-03 1.979532675473491370e-03 9.987062994054972387e-02
5.996430230109804117e-03 1.868097969973289609e-03 9.996352010846944192e-02
5.911115693278137795e-03 1.957087339618071662e-03 9.994759153469477686e-02
5.713191282290441299e-03 2.085121456536712624e-03 9.989927983896908226e-02
5.833402523131871707e-03 2.031177560666463672e-03 9.983243321407235527e-02
5.766489476027449740e-03 2.038112680891152398e-03 9.990908753058064251e-02
5.805090172495079581e-03 1.956088422530148814e-03 9.995216864317259253e-02
5.772612683283165173e-03 2.051026889943533427e-03 9.999452853258217200e-02
5.835622059855403131e-03 2.038600681650376122e-03 9.981319873769650686e-02
5.949156868333260045e-03 1.831849903512638164e-03 1.000641889235916460e-01
5.890034573387748461e-03 1.865728844319736613e-03 9.997239689399729790e-02
5.797916903730027625e-03 1.955667406563880995e-03 9.990943320839290598e-02
5.746035037552828934e-03 1.990612281021776706e-03 9.985741258020200406e-02
5.814764704923162421e-03 1.945532758377902394e-03 9.996363940012274740e-02
5.960151115355085197e-03 1.954872758789058355e-03 9.990628718594411761e-02
5.766489476027449740e-03 2.038112680891152398e-03 9.990908753058064251e-02
5.793074075408610399e-03 2.024350535121688562e-03 9.976133400636978676e-02
5.686688241807907537e-03 1.898511044906755043e-03 9.991461369362483746e-02
5.911103287083281643e-03 1.912576595763339085e-03 1.000239682365426791e-01
5.716042294149644917e-03 1.906080396405707405e-03 9.999510806404707242e-02
5.852169102458212001e-03 1.990629911882549341e-03 9.985486939293387876e-02
5.793074075408610399e-03 2.024350535121688562e-03 9.976133400636978676e-02
5.793074075408610399e-03 2.024350535121688562e-03 9.976133400636978676e-02
5.768203708149915836e-03 2.080790036262351091e-03 9.983239903468837939e-02
5.814764704923162421e-03 1.945532758377902394e-03 9.996363940012274740e-02
5.751052606524999049e-03 2.128954063197479978e-03 9.978849490173416492e-02
5.662476454300426759e-03 2.082000274015680021e-03 9.983066455084040058e-02
5.709325844737247503e-03 2.114901382860649628e-03 9.973679493246861982e-02
5.709325844737247503e-03 2.114901382860649628e-03 9.973679493246861982e-02
5.825958853790546947e-03 2.003502020723603276e-03 1.000038619959831288e-01
5.825958853790546947e-03 2.003502020723603276e-03 1.000038619959831288e-01
5.746035037552828934e-03 1.990612281021776706e-03 9.985741258020200406e-02
5.662476454300426759e-03 2.082000274015680021e-03 9.983066455084040058e-02
5.768203708149915836e-03 2.080790036262351091e-03 9.983239903468837939e-02
5.721312911363337327e-03 2.047104011145179508e-03 9.992750221670489152e-02
5.810505669305418910e-03 2.095175224945157455e-03 9.988421334095896886e-02
5.768203708149915836e-03 2.080790036262351091e-03 9.983239903468837939e-02
5.825958853790546947e-03 2.003502020723603276e-03 1.000038619959831288e-01
5.766489476027449740e-03 2.038112680891152398e-03 9.990908753058064251e-02
5.730054172819860035e-03 2.036039296213664612e-03 9.994253820218106099e-02
5.911103287083281643e-03 1.912576595763339085e-03 1.000239682365426791e-01
5.745270293096278388e-03 1.863779596392919511e-03 1.000088361907276874e-01
5.730054172819860035e-03 2.036039296213664612e-03 9.994253820218106099e-02
5.793074075408610399e-03 2.024350535121688562e-03 9.976133400636978676e-02
5.709325844737247503e-03 2.114901382860649628e-03 9.973679493246861982e-02
5.836563680019354536e-03 1.914051907731363330e-03 9.996381270076769299e-02
5.805090172495079581e-03 1.956088422530148814e-03 9.995216864317259253e-02
5.793074075408610399e-03 2.024350535121688562e-03 9.976133400636978676e-02
5.835210220978916985e-03 2.000972939718706229e-03 9.979926248051412818e-02
5.798519004179949164e-03 1.994369766083796403e-03 9.992267348158230533e-02
5.716042294149644917e-03 1.906080396405707405e-03 9.999510806404707242e-02
5.805090172495079581e-03 1.956088422530148814e-03 9.995216864317259253e-02
5.793074075408610399e-03 2.024350535121688562e-03 9.976133400636978676e-02
5.857860070448487645e-03 1.974242050183704598e-03 9.976121834702267321e-02
5.814764704923162421e-03 1.945532758377902394e-03 9.996363940012274740e-02
5.730054172819860035e-03 2.036039296213664612e-03 9.994253820218106099e-02
5.755707297263884178e-03 1.979532675473491370e-03 9.987062994054972387e-02
5.746035037552828934e-03 1.990612281021776706e-03 9.985741258020200406e-02
5.751052606524999049e-03 2.128954063197479978e-03 9.978849490173416492e-02
5.730054172819860035e-03 2.036039296213664612e-03 9.994253820218106099e-02
5.793074075408610399e-03 2.024350535121688562e-03 9.976133400636978676e-02
5.835622059855403131e-03 2.038600681650376122e-03 9.981319873769650686e-02
5.746035037552828934e-03 1.990612281021776706e-03 9.985741258020200406e-02
5.911115693278137795e-03 1.957087339618071662e-03 9.994759153469477686e-02
5.730054172819860035e-03 2.036039296213664612e-03 9.994253820218106099e-02
5.793074075408610399e-03 2.024350535121688562e-03 9.976133400636978676e-02
5.709325844737247503e-03 2.114901382860649628e-03 9.973679493246861982e-02
5.768203708149915836e-03 2.080790036262351091e-03 9.983239903468837939e-02
5.746035037552828934e-03 1.990612281021776706e-03 9.985741258020200406e-02
5.768203708149915836e-03 2.080790036262351091e-03 9.983239903468837939e-02
5.805090172495079581e-03 1.956088422530148814e-03 9.995216864317259253e-02
5.709325844737247503e-03 2.114901382860649628e-03 9.973679493246861982e-02
5.721312911363337327e-03 2.047104011145179508e-03 9.992750221670489152e-02
5.686818883673835229e-03 2.025278723035075969e-03 9.976183936042913591e-02
5.798519004179949164e-03 1.994369766083796403e-03 9.992267348158230533e-02
5.768203708149915836e-03 2.080790036262351091e-03 9.983239903468837939e-02
5.835622059855403131e-03 2.038600681650376122e-03 9.981319873769650686e-02
5.793074075408610399e-03 2.024350535121688562e-03 9.976133400636978676e-02
5.774762636592128094e-03 2.065754030335182224e-03 9.973694432992838421e-02
5.805090172495079581e-03 1.956088422530148814e-03 9.995216864317259253e-02
5.751210312300083019e-03 2.003830135981878383e-03 9.994238722020561128e-02
5.686818883673835229e-03 2.025278723035075969e-03 9.976183936042913591e-02
5.746035037552828934e-03 1.990612281021776706e-03 9.985741258020200406e-02
5.776012647561030479e-03 2.034611345088738373e-03 9.970502581292441102e-02
5.746035037552828934e-03 1.990612281021776706e-03 9.985741258020200406e-02
5.633735233220885270e-03 1.967698458399333179e-03 9.993925350559981768e-02
5.746035037552828934e-03 1.990612281021776706e-03 9.985741258020200406e-02
5.730054172819860035e-03 2.036039296213664612e-03 9.994253820218106099e-02
5.805090172495079581e-03 1.956088422530148814e-03 9.995216864317259253e-02
5.563895247356857345e-03 1.945348626547252187e-03 9.999815173264033075e-02
5.887977796104761075e-03 1.939912724954172447e-03 1.000628133263259112e-01
5.825958853790546947e-03 2.003502020723603276e-03 1.000038619959831288e-01
5.768203708149915836e-03 2.080790036262351091e-03 9.983239903468837939e-02
5.746035037552828934e-03 1.990612281021776706e-03 9.985741258020200406e-02
5.755707297263884178e-03 1.979532675473491370e-03 9.987062994054972387e-02
5.900619772932092638e-03 1.855755401872397504e-03 9.998024180521472570e-02
5.768203708149915836e-03 2.080790036262351091e-03 9.983239903468837939e-02
5.766489476027449740e-03 2.038112680891152398e-03 9.990908753058064251e-02
5.766489476027449740e-03 2.038112680891152398e-03 9.990908753058064251e-02
5.766489476027449740e-03 2.038112680891152398e-03 9.990908753058064251e-02
5.730054172819860035e-03 2.036039296213664612e-03 9.994253820218106099e-02
5.835622059855403131e-03 2.038600681650376122e-03 9.981319873769650686e-02
5.805090172495079581e-03 1.956088422530148814e-03 9.995216864317259253e-02
5.793074075408610399e-03 2.024350535121688562e-03 9.976133400636978676e-02
5.858167370313796182e-03 1.960696889186509632e-03 1.000157998649425783e-01
5.746035037552828934e-03 1.990612281021776706e-03 9.985741258020200406e-02
5.746035037552828934e-03 1.990612281021776706e-03 9.985741258020200406e-02
5.746035037552828934e-03 1.990612281021776706e-03 9.985741258020200406e-02
5.752004036337316634e-03 2.091508368878114855e-03 9.977507451634119728e-02
5.775804091714149130e-03 2.072160497646528560e-03 9.971875015644555973e-02
5.810855663011232040e-03 2.057645149666003422e-03 9.987057090840005535e-02
5.751052606524999049e-03 2.128954063197479978e-03 9.978849490173416492e-02
5.805090172495079581e-03 1.956088422530148814e-03 9.995216864317259253e-02
5.863983973433001436e-03 1.921726720630024957e-03 1.000460996845740358e-01
5.805090172495079581e-03 1.956088422530148814e-03 9.995216864317259253e-02
5.825958853790546947e-03 2.003502020723603276e-03 1.000038619959831288e-01
5.890034573387748461e-03 1.865728844319736613e-03 9.997239689399729790e-02
5.709325844737247503e-03 2.114901382860649628e-03 9.973679493246861982e-02
5.895297043579505319e-03 2.005204777635686761e-03 9.990683754854284837e-02
5.662476454300426759e-03 2.082000274015680021e-03 9.983066455084040058e-02
5.851430234663021132e-03 1.946758879255743556e-03 9.993133527583700215e-02
5.730054172819860035e-03 2.036039296213664612e-03 9.994253820218106099e-02
5.793074075408610399e-03 2.024350535121688562e-03 9.976133400636978676e-02
5.825958853790546947e-03 2.003502020723603276e-03 1.000038619959831288e-01
5.686688241807907537e-03 1.898511044906755043e-03 9.991461369362483746e-02
5.768203708149915836e-03 2.080790036262351091e-03 9.983239903468837939e-02
5.825958853790546947e-03 2.003502020723603276e-03 1.000038619959831288e-01
5.768203708149915836e-03 2.080790036262351091e-03 9.983239903468837939e-02
5.890034573387748461e-03 1.865728844319736613e-03 9.997239689399729790e-02
5.826926832762951113e-03 2.046815839216981070e-03 9.992720949714806178e-02
5.746035037552828934e-03 1.990612281021776706e-03 9.985741258020200406e-02
5.810855663011232040e-03 2.057645149666003422e-03 9.987057090840005535e-02
5.730054172819860035e-03 2.036039296213664612e-03 9.994253820218106099e-02
5.709325844737247503e-03 2.114901382860649628e-03 9.973679493246861982e-02
5.768203708149915836e-03 2.080790036262351091e-03 9.983239903468837939e-02
5.730054172819860035e-03 2.036039296213664612e-03 9.994253820218106099e-02
5.746035037552828934e-03 1.990612281021776706e-03 9.985741258020200406e-02
5.835622059855403131e-03 2.038600681650376122e-03 9.981319873769650686e-02
5.793074075408610399e-03 2.024350535121688562e-03 9.976133400636978676e-02
5.746035037552828934e-03 1.990612281021776706e-03 9.985741258020200406e-02
5.805090172495079581e-03 1.956088422530148814e-03 9.995216864317259253e-02
5.745270293096278388e-03 1.863779596392919511e-03 1.000088361907276874e-01
5.852169102458212001e-03 1.990629911882549341e-03 9.985486939293387876e-02
5.709325844737247503e-03 2.114901382860649628e-03 9.973679493246861982e-02
5.835622059855403131e-03 2.038600681650376122e-03 9.981319873769650686e-02
5.709325844737247503e-03 2.114901382860649628e-03 9.973679493246861982e-02
5.755707297263884178e-03 1.979532675473491370e-03 9.987062994054972387e-02
5.741321163348668544e-03 1.849899047608016388e-03 9.992361149144256272e-02
5.777318437153527823e-03 1.947633941262721024e-03 9.987067078349322335e-02
5.686688241807907537e-03 1.898511044906755043e-03 9.991461369362483746e-02
5.782096430058379123e-03 1.982341638464911026e-03 9.999146537242342703e-02
5.746035037552828934e-03 1.990612281021776706e-03 9.985741258020200406e-02
5.730054172819860035e-03 2.036039296213664612e-03 9.994253820218106099e-02
5.682671271428775539e-03 2.130026513193993953e-03 9.988241124819736971e-02
5.755707297263884178e-03 1.979532675473491370e-03 9.987062994054972387e-02
5.730054172819860035e-03 2.036039296213664612e-03 9.994253820218106099e-02
5.768203708149915836e-03 2.080790036262351091e-03 9.983239903468837939e-02
5.911103287083281643e-03 1.912576595763339085e-03 1.000239682365426791e-01
5.996430230109804117e-03 1.868097969973289609e-03 9.996352010846944192e-02
5.830757836044214541e-03 1.899812249154219680e-03 9.987976239671732259e-02
5.746035037552828934e-03 1.990612281021776706e-03 9.985741258020200406e-02
5.662476454300426759e-03 2.082000274015680021e-03 9.983066455084040058e-02
5.721312911363337327e-03 2.047104011145179508e-03 9.992750221670489152e-02
5.793074075408610399e-03 2.024350535121688562e-03 9.976133400636978676e-02
5.746035037552828934e-03 1.990612281021776706e-03 9.985741258020200406e-02
5.852169102458212001e-03 1.990629911882549341e-03 9.985486939293387876e-02
5.805090172495079581e-03 1.956088422530148814e-03 9.995216864317259253e-02
5.662476454300426759e-03 2.082000274015680021e-03 9.983066455084040058e-02
5.835622059855403131e-03 2.038600681650376122e-03 9.981319873769650686e-02
5.709325844737247503e-03 2.114901382860649628e-03 9.973679493246861982e-02
5.768203708149915836e-03 2.080790036262351091e-03 9.983239903468837939e-02
5.746035037552828934e-03 1.990612281021776706e-03 9.985741258020200406e-02
5.657619724508602434e-03 1.941779220565414705e-03 9.989929058032678832e-02
5.805090172495079581e-03 1.956088422530148814e-03 9.995216864317259253e-02
5.873668019121689766e-03 1.911732489726751961e-03 1.000558141089782083e-01
5.835622059855403131e-03 2.038600681650376122e-03 9.981319873769650686e-02
5.805090172495079581e-03 1.956088422530148814e-03 9.995216864317259253e-02
5.852169102458212001e-03 1.990629911882549341e-03 9.985486939293387876e-02
5.766489476027449740e-03 2.038112680891152398e-03 9.990908753058064251e-02
5.746035037552828934e-03 1.990612281021776706e-03 9.985741258020200406e-02
5.798519004179949164e-03 1.994369766083796403e-03 9.992267348158230533e-02
5.852169102458212001e-03 1.990629911882549341e-03 9.985486939293387876e-02
5.937257627763200402e-03 1.901144339933629433e-03 9.987292062651770275e-02
5.682671271428775539e-03 2.130026513193993953e-03 9.988241124819736971e-02
5.805090172495079581e-03 1.956088422530148814e-03 9.995216864317259253e-02
5.793074075408610399e-03 2.024350535121688562e-03 9.976133400636978676e-02
5.793074075408610399e-03 2.024350535121688562e-03 9.976133400636978676e-02
5.686818883673835229e-03 2.025278723035075969e-03 9.976183936042913591e-02
5.662476454300426759e-03 2.082000274015680021e-03 9.983066455084040058e-02
5.752004036337316634e-03 2.091508368878114855e-03 9.977507451634119728e-02
5.793074075408610399e-03 2.024350535121688562e-03 9.976133400636978676e-02
5.805090172495079581e-03 1.956088422530148814e-03 9.995216864317259253e-02
5.825958853790546947e-03 2.003502020723603276e-03 1.000038619959831288e-01
5.768203708149915836e-03 2.080790036262351091e-03 9.983239903468837939e-02
5.830757836044214541e-03 1.899812249154219680e-03 9.987976239671732259e-02
5.793074075408610399e-03 2.024350535121688562e-03 9.976133400636978676e-02
5.544100264548824410e-03 1.774672756940527327e-03 1.002356934267474436e-01
5.835622059855403131e-03 2.038600681650376122e-03 9.981319873769650686e-02
5.793074075408610399e-03 2.024350535121688562e-03 9.976133400636978676e-02
5.746035037552828934e-03 1.990612281021776706e-03 9.985741258020200406e-02
5.793074075408610399e-03 2.024350535121688562e-03 9.976133400636978676e-02
5.793074075408610399e-03 2.024350535121688562e-03 9.976133400636978676e-02
5.768203708149915836e-03 2.080790036262351091e-03 9.983239903468837939e-02
5.890034573387748461e-03 1.865728844319736613e-03 9.997239689399729790e-02
5.755707297263884178e-03 1.979532675473491370e-03 9.987062994054972387e-02
5.766489476027449740e-03 2.038112680891152398e-03 9.990908753058064251e-02
5.766489476027449740e-03 2.038112680891152398e-03 9.990908753058064251e-02
5.721312911363337327e-03 2.047104011145179508e-03 9.992750221670489152e-02
5.766489476027449740e-03 2.038112680891152398e-03 9.990908753058064251e-02
5.890034573387748461e-03 1.865728844319736613e-03 9.997239689399729790e-02
5.853525402215961106e-03 2.071600811956346173e-03 9.992214619269496056e-02
5.852169102458212001e-03 1.990629911882549341e-03 9.985486939293387876e-02
5.805090172495079581e-03 1.956088422530148814e-03 9.995216864317259253e-02
5.954829468346139673e-03 1.971991233306130253e-03 9.999965942638286420e-02
5.721312911363337327e-03 2.047104011145179508e-03 9.992750221670489152e-02
5.746035037552828934e-03 1.990612281021776706e-03 9.985741258020200406e-02
5.890034573387748461e-03 1.865728844319736613e-03 9.997239689399729790e-02
5.805090172495079581e-03 1.956088422530148814e-03 9.995216864317259253e-02
5.755707297263884178e-03 1.979532675473491370e-03 9.987062994054972387e-02
5.805090172495079581e-03 1.956088422530148814e-03 9.995216864317259253e-02
5.793074075408610399e-03 2.024350535121688562e-03 9.976133400636978676e-02
5.852169102458212001e-03 1.990629911882549341e-03 9.985486939293387876e-02
5.730054172819860035e-03 2.036039296213664612e-03 9.994253820218106099e-02
5.768203708149915836e-03 2.080790036262351091e-03 9.983239903468837939e-02
5.818486946000900328e-03 1.967873656223506282e-03 9.968923776858691632e-02
5.746035037552828934e-03 1.990612281021776706e-03 9.985741258020200406e-02
5.793074075408610399e-03 2.024350535121688562e-03 9.976133400636978676e-02
5.805090172495079581e-03 1.956088422530148814e-03 9.995216864317259253e-02
5.805090172495079581e-03 1.956088422530148814e-03 9.995216864317259253e-02
5.746035037552828934e-03 1.990612281021776706e-03 9.985741258020200406e-02
5.772612683283165173e-03 2.051026889943533427e-03 9.999452853258217200e-02
5.858167370313796182e-03 1.960696889186509632e-03 1.000157998649425783e-01
5.746035037552828934e-03 1.990612281021776706e-03 9.985741258020200406e-02
5.633319023745910967e-03 1.998194894074499343e-03 9.996849289607757927e-02
5.755707297263884178e-03 1.979532675473491370e-03 9.987062994054972387e-02
5.706858858472664900e-03 2.072865104800761075e-03 9.981348442329587844e-02
5.793057012955316401e-03 1.898700144248954488e-03 9.991176042645978639e-02
5.682671271428775539e-03 2.130026513193993953e-03 9.988241124819736971e-02
5.721312911363337327e-03 2.047104011145179508e-03 9.992750221670489152e-02
5.949156868333260045e-03 1.831849903512638164e-03 1.000641889235916460e-01
5.745270293096278388e-03 1.863779596392919511e-03 1.000088361907276874e-01
5.733830245473760766e-03 2.058230328080725216e-03 9.966699271750874278e-02
5.654444094589707384e-03 2.046690937224508386e-03 1.000205205877183617e-01
5.793074075408610399e-03 2.024350535121688562e-03 9.976133400636978676e-02
5.738721760159774116e-03 2.028226795162114699e-03 9.982871520317339320e-02
5.937257627763200402e-03 1.901144339933629433e-03 9.987292062651770275e-02
5.803684725305610637e-03 1.829232136986785277e-03 1.001022236536683735e-01
5.970620542902971978e-03 1.878598824307648818e-03 1.001157463260667624e-01
5.802709825168382921e-03 2.029885767963968829e-03 1.000427599743774210e-01
5.746035037552828934e-03 1.990612281021776706e-03 9.985741258020200406e-02
5.766489476027449740e-03 2.038112680891152398e-03 9.990908753058064251e-02
5.793074075408610399e-03 2.024350535121688562e-03 9.976133400636978676e-02
5.825958853790546947e-03 2.003502020723603276e-03 1.000038619959831288e-01
5.692210469498773691e-03 2.037845210051522117e-03 9.984714311533121611e-02
5.835622059855403131e-03 2.038600681650376122e-03 9.981319873769650686e-02
5.805090172495079581e-03 1.956088422530148814e-03 9.995216864317259253e-02
5.713191282290441299e-03 2.085121456536712624e-03 9.989927983896908226e-02
5.895297043579505319e-03 2.005204777635686761e-03 9.990683754854284837e-02
5.890034573387748461e-03 1.865728844319736613e-03 9.997239689399729790e-02
5.805090172495079581e-03 1.956088422530148814e-03 9.995216864317259253e-02
5.805090172495079581e-03 1.956088422530148814e-03 9.995216864317259253e-02
5.852169102458212001e-03 1.990629911882549341e-03 9.985486939293387876e-02
5.751052606524999049e-03 2.128954063197479978e-03 9.978849490173416492e-02
5.841100452572994817e-03 1.970088663791869175e-03 9.996120593290999667e-02
5.805090172495079581e-03 1.956088422530148814e-03 9.995216864317259253e-02
5.810855663011232040e-03 2.057645149666003422e-03 9.987057090840005535e-02
5.713191282290441299e-03 2.085121456536712624e-03 9.989927983896908226e-02
5.793074075408610399e-03 2.024350535121688562e-03 9.976133400636978676e-02
5.746035037552828934e-03 1.990612281021776706e-03 9.985741258020200406e-02
5.746035037552828934e-03 1.990612281021776706e-03 9.985741258020200406e-02
5.852169102458212001e-03 1.990629911882549341e-03 9.985486939293387876e-02
5.805090172495079581e-03 1.956088422530148814e-03 9.995216864317259253e-02
5.895297043579505319e-03 2.005204777635686761e-03 9.990683754854284837e-02
5.746035037552828934e-03 1.990612281021776706e-03 9.985741258020200406e-02
5.768203708149915836e-03 2.080790036262351091e-03 9.983239903468837939e-02
5.660999083534273141e-03 1.954603903247768750e-03 9.998537506803528707e-02
5.768203708149915836e-03 2.080790036262351091e-03 9.983239903468837939e-02
5.709325844737247503e-03 2.114901382860649628e-03 9.973679493246861982e-02
5.721312911363337327e-03 2.047104011145179508e-03 9.992750221670489152e-02
5.852169102458212001e-03 1.990629911882549341e-03 9.985486939293387876e-02
5.746035037552828934e-03 1.990612281021776706e-03 9.985741258020200406e-02
5.686688241807907537e-03 1.898511044906755043e-03 9.991461369362483746e-02
5.810505669305418910e-03 2.095175224945157455e-03 9.988421334095896886e-02
5.746035037552828934e-03 1.990612281021776706e-03 9.985741258020200406e-02
5.835622059855403131e-03 2.038600681650376122e-03 9.981319873769650686e-02
5.686818883673835229e-03 2.025278723035075969e-03 9.976183936042913591e-02
5.814764704923162421e-03 1.945532758377902394e-03 9.996363940012274740e-02
5.660999083534273141e-03 1.954603903247768750e-03 9.998537506803528707e-02
5.852169102458212001e-03 1.990629911882549341e-03 9.985486939293387876e-02
5.835622059855403131e-03 2.038600681650376122e-03 9.981319873769650686e-02
5.805090172495079581e-03 1.956088422530148814e-03 9.995216864317259253e-02
5.793074075408610399e-03 2.024350535121688562e-03 9.976133400636978676e-02
5.917667560850247040e-03 1.927227262128756091e-03 1.001080881361802177e-01
5.805090172495079581e-03 1.956088422530148814e-03 9.995216864317259253e-02
5.900750843872103017e-03 1.988716433362262490e-03 9.981277342022976118e-02
5.709325844737247503e-03 2.114901382860649628e-03 9.973679493246861982e-02
5.805090172495079581e-03 1.956088422530148814e-03 9.995216864317259253e-02
5.852169102458212001e-03 1.990629911882549341e-03 9.985486939293387876e-02
5.733830245473760766e-03 2.058230328080725216e-03 9.966699271750874278e-02
5.730054172819860035e-03 2.036039296213664612e-03 9.994253820218106099e-02
5.662476454300426759e-03 2.082000274015680021e-03 9.983066455084040058e-02
5.805090172495079581e-03 1.956088422530148814e-03 9.995216864317259253e-02
5.768203708149915836e-03 2.080790036262351091e-03 9.983239903468837939e-02
5.755707297263884178e-03 1.979532675473491370e-03 9.987062994054972387e-02
5.755707297263884178e-03 1.979532675473491370e-03 9.987062994054972387e-02
5.852169102458212001e-03 1.990629911882549341e-03 9.985486939293387876e-02
5.746035037552828934e-03 1.990612281021776706e-03 9.985741258020200406e-02
5.768203708149915836e-03 2.080790036262351091e-03 9.983239903468837939e-02
5.793074075408610399e-03 2.024350535121688562e-03 9.976133400636978676e-02
5.733830245473760766e-03 2.058230328080725216e-03 9.966699271750874278e-02
5.746035037552828934e-03 1.990612281021776706e-03 9.985741258020200406e-02
5.805090172495079581e-03 1.956088422530148814e-03 9.995216864317259253e-02
5.810505669305418910e-03 2.095175224945157455e-03 9.988421334095896886e-02
5.780502753229561919e-03 2.108042363097884300e-03 9.983605340000507866e-02
5.662476454300426759e-03 2.082000274015680021e-03 9.983066455084040058e-02
5.793074075408610399e-03 2.024350535121688562e-03 9.976133400636978676e-02
5.662476454300426759e-03 2.082000274015680021e-03 9.983066455084040058e-02
5.890034573387748461e-03 1.865728844319736613e-03 9.997239689399729790e-02
5.721312911363337327e-03 2.047104011145179508e-03 9.992750221670489152e-02
5.890034573387748461e-03 1.865728844319736613e-03 9.997239689399729790e-02
5.755707297263884178e-03 1.979532675473491370e-03 9.987062994054972387e-02
5.746035037552828934e-03 1.990612281021776706e-03 9.985741258020200406e-02
5.766489476027449740e-03 2.038112680891152398e-03 9.990908753058064251e-02
5.746035037552828934e-03 1.990612281021776706e-03 9.985741258020200406e-02
5.716042294149644917e-03 1.906080396405707405e-03 9.999510806404707242e-02
5.805090172495079581e-03 1.956088422530148814e-03 9.995216864317259253e-02
5.734409476296148563e-03 1.932612071351634889e-03 9.981874115055143493e-02
5.852169102458212001e-03 1.990629911882549341e-03 9.985486939293387876e-02
5.805090172495079581e-03 1.956088422530148814e-03 9.995216864317259253e-02
5.793074075408610399e-03 2.024350535121688562e-03 9.976133400636978676e-02
5.838559180100938613e-03 2.000553912844338714e-03 9.999433968840802656e-02
5.852169102458212001e-03 1.990629911882549341e-03 9.985486939293387876e-02
5.805090172495079581e-03 1.956088422530148814e-03 9.995216864317259253e-02
5.662476454300426759e-03 2.082000274015680021e-03 9.983066455084040058e-02
5.798519004179949164e-03 1.994369766083796403e-03 9.992267348158230533e-02
5.772612683283165173e-03 2.051026889943533427e-03 9.999452853258217200e-02
5.805090172495079581e-03 1.956088422530148814e-03 9.995216864317259253e-02
5.949156868333260045e-03 1.831849903512638164e-03 1.000641889235916460e-01
5.826926832762951113e-03 2.046815839216981070e-03 9.992720949714806178e-02
5.751052606524999049e-03 2.128954063197479978e-03 9.978849490173416492e-02
5.746035037552828934e-03 1.990612281021776706e-03 9.985741258020200406e-02
5.768203708149915836e-03 2.080790036262351091e-03 9.983239903468837939e-02
5.730054172819860035e-03 2.036039296213664612e-03 9.994253820218106099e-02
5.713988523840677139e-03 2.046602226834284225e-03 9.988658977434937414e-02
5.805090172495079581e-03 1.956088422530148814e-03 9.995216864317259253e-02
5.798519004179949164e-03 1.994369766083796403e-03 9.992267348158230533e-02
5.895297043579505319e-03 2.005204777635686761e-03 9.990683754854284837e-02
5.755707297263884178e-03 1.979532675473491370e-03 9.987062994054972387e-02
5.709325844737247503e-03 2.114901382860649628e-03 9.973679493246861982e-02
5.766489476027449740e-03 2.038112680891152398e-03 9.990908753058064251e-02
5.793074075408610399e-03 2.024350535121688562e-03 9.976133400636978676e-02
5.768203708149915836e-03 2.080790036262351091e-03 9.983239903468837939e-02
5.793074075408610399e-03 2.024350535121688562e-03 9.976133400636978676e-02
5.825958853790546947e-03 2.003502020723603276e-03 1.000038619959831288e-01
5.835622059855403131e-03 2.038600681650376122e-03 9.981319873769650686e-02
5.675607732228854854e-03 1.966703984212866355e-03 9.972490563830964383e-02
5.746035037552828934e-03 1.990612281021776706e-03 9.985741258020200406e-02
5.852169102458212001e-03 1.990629911882549341e-03 9.985486939293387876e-02
5.885266518424704316e-03 1.969053073476604698e-03 1.000977995672294035e-01
5.793074075408610399e-03 2.024350535121688562e-03 9.976133400636978676e-02
5.814764704923162421e-03 1.945532758377902394e-03 9.996363940012274740e-02
5.660999083534273141e-03 1.954603903247768750e-03 9.998537506803528707e-02
5.746035037552828934e-03 1.990612281021776706e-03 9.985741258020200406e-02
5.793074075408610399e-03 2.024350535121688562e-03 9.976133400636978676e-02
5.709325844737247503e-03 2.114901382860649628e-03 9.973679493246861982e-02
5.751052606524999049e-03 2.128954063197479978e-03 9.978849490173416492e-02
5.793074075408610399e-03 2.024350535121688562e-03 9.976133400636978676e-02
5.805090172495079581e-03 1.956088422530148814e-03 9.995216864317259253e-02
5.793074075408610399e-03 2.024350535121688562e-03 9.976133400636978676e-02
5.810855663011232040e-03 2.057645149666003422e-03 9.987057090840005535e-02
5.793074075408610399e-03 2.024350535121688562e-03 9.976133400636978676e-02
5.671219138007524592e-03 2.070470221717426573e-03 9.984741764459931224e-02
5.768203708149915836e-03 2.080790036262351091e-03 9.983239903468837939e-02
5.713191282290441299e-03 2.085121456536712624e-03 9.989927983896908226e-02
5.814764704923162421e-03 1.945532758377902394e-03 9.996363940012274740e-02
5.671219138007524592e-03 2.070470221717426573e-03 9.984741764459931224e-02
5.830757836044214541e-03 1.899812249154219680e-03 9.987976239671732259e-02
5.686818883673835229e-03 2.025278723035075969e-03 9.976183936042913591e-02
5.660999083534273141e-03 1.954603903247768750e-03 9.998537506803528707e-02
5.805090172495079581e-03 1.956088422530148814e-03 9.995216864317259253e-02
5.835210220978916985e-03 2.000972939718706229e-03 9.979926248051412818e-02
5.831955987128105597e-03 1.987795527554436000e-03 9.990969547660856487e-02
5.686818883673835229e-03 2.025278723035075969e-03 9.976183936042913591e-02
5.766489476027449740e-03 2.038112680891152398e-03 9.990908753058064251e-02
5.805090172495079581e-03 1.956088422530148814e-03 9.995216864317259253e-02
5.793074075408610399e-03 2.024350535121688562e-03 9.976133400636978676e-02
5.798519004179949164e-03 1.994369766083796403e-03 9.992267348158230533e-02
5.709325844737247503e-03 2.114901382860649628e-03 9.973679493246861982e-02
5.805090172495079581e-03 1.956088422530148814e-03 9.995216864317259253e-02
5.793074075408610399e-03 2.024350535121688562e-03 9.976133400636978676e-02
5.805090172495079581e-03 1.956088422530148814e-03 9.995216864317259253e-02
5.805090172495079581e-03 1.956088422530148814e-03 9.995216864317259253e-02
5.746035037552828934e-03 1.990612281021776706e-03 9.985741258020200406e-02
5.805090172495079581e-03 1.956088422530148814e-03 9.995216864317259253e-02
5.657619724508602434e-03 1.941779220565414705e-03 9.989929058032678832e-02
5.793074075408610399e-03 2.024350535121688562e-03 9.976133400636978676e-02
5.686818883673835229e-03 2.025278723035075969e-03 9.976183936042913591e-02
5.709325844737247503e-03 2.114901382860649628e-03 9.973679493246861982e-02
5.782096430058379123e-03 1.982341638464911026e-03 9.999146537242342703e-02
5.810505669305418910e-03 2.095175224945157455e-03 9.988421334095896886e-02
5.890992235453541490e-03 1.983343805301661985e-03 1.001825584324184393e-01
5.746035037552828934e-03 1.990612281021776706e-03 9.985741258020200406e-02
5.851551075895235383e-03 1.864987348666125293e-03 1.000039574896394584e-01
5.746035037552828934e-03 1.990612281021776706e-03 9.985741258020200406e-02
5.798519004179949164e-03 1.994369766083796403e-03 9.992267348158230533e-02
5.954829468346139673e-03 1.971991233306130253e-03 9.999965942638286420e-02
5.768203708149915836e-03 2.080790036262351091e-03 9.983239903468837939e-02
5.805090172495079581e-03 1.956088422530148814e-03 9.995216864317259253e-02
5.793057012955316401e-03 1.898700144248954488e-03 9.991176042645978639e-02
5.751052606524999049e-03 2.128954063197479978e-03 9.978849490173416492e-02
5.662476454300426759e-03 2.082000274015680021e-03 9.983066455084040058e-02
5.793074075408610399e-03 2.024350535121688562e-03 9.976133400636978676e-02
5.662476454300426759e-03 2.082000274015680021e-03 9.983066455084040058e-02
5.810505669305418910e-03 2.095175224945157455e-03 9.988421334095896886e-02
5.852169102458212001e-03 1.990629911882549341e-03 9.985486939293387876e-02
5.793074075408610399e-03 2.024350535121688562e-03 9.976133400636978676e-02
5.835622059855403131e-03 2.038600681650376122e-03 9.981319873769650686e-02
5.852169102458212001e-03 1.990629911882549341e-03 9.985486939293387876e-02
5.662476454300426759e-03 2.082000274015680021e-03 9.983066455084040058e-02
5.810855663011232040e-03 2.057645149666003422e-03 9.987057090840005535e-02
5.730054172819860035e-03 2.036039296213664612e-03 9.994253820218106099e-02
5.648683053055731512e-03 1.853746721905392535e-03 1.000223857441525782e-01
5.602657717601901115e-03 1.989761082149204587e-03 9.988904907355841689e-02
5.686688241807907537e-03 1.898511044906755043e-03 9.991461369362483746e-02
5.716042294149644917e-03 1.906080396405707405e-03 9.999510806404707242e-02
5.774282937700601567e-03 1.870521730109955989e-03 1.000900895684963821e-01
5.805090172495079581e-03 1.956088422530148814e-03 9.995216864317259253e-02
5.709325844737247503e-03 2.114901382860649628e-03 9.973679493246861982e-02
5.746035037552828934e-03 1.990612281021776706e-03 9.985741258020200406e-02
5.746035037552828934e-03 1.990612281021776706e-03 9.985741258020200406e-02
5.805090172495079581e-03 1.956088422530148814e-03 9.995216864317259253e-02
5.746035037552828934e-03 1.990612281021776706e-03 9.985741258020200406e-02
5.890034573387748461e-03 1.865728844319736613e-03 9.997239689399729790e-02
5.660999083534273141e-03 1.954603903247768750e-03 9.998537506803528707e-02
5.805090172495079581e-03 1.956088422530148814e-03 9.995216864317259253e-02
5.793074075408610399e-03 2.024350535121688562e-03 9.976133400636978676e-02
5.671219138007524592e-03 2.070470221717426573e-03 9.984741764459931224e-02
5.709325844737247503e-03 2.114901382860649628e-03 9.973679493246861982e-02
5.805090172495079581e-03 1.956088422530148814e-03 9.995216864317259253e-02
5.793074075408610399e-03 2.024350535121688562e-03 9.976133400636978676e-02
5.805090172495079581e-03 1.956088422530148814e-03 9.995216864317259253e-02
5.746035037552828934e-03 1.990612281021776706e-03 9.985741258020200406e-02
5.768203708149915836e-03 2.080790036262351091e-03 9.983239903468837939e-02
5.746035037552828934e-03 1.990612281021776706e-03 9.985741258020200406e-02
5.793074075408610399e-03 2.024350535121688562e-03 9.976133400636978676e-02
5.751052606524999049e-03 2.128954063197479978e-03 9.978849490173416492e-02
5.751210312300083019e-03 2.003830135981878383e-03 9.994238722020561128e-02
5.793057012955316401e-03 1.898700144248954488e-03 9.991176042645978639e-02
5.686818883673835229e-03 2.025278723035075969e-03 9.976183936042913591e-02
5.768203708149915836e-03 2.080790036262351091e-03 9.983239903468837939e-02
5.768203708149915836e-03 2.080790036262351091e-03 9.983239903468837939e-02
5.766489476027449740e-03 2.038112680891152398e-03 9.990908753058064251e-02
5.793074075408610399e-03 2.024350535121688562e-03 9.976133400636978676e-02
5.890034573387748461e-03 1.865728844319736613e-03 9.997239689399729790e-02
5.686688241807907537e-03 1.898511044906755043e-03 9.991461369362483746e-02
5.814764704923162421e-03 1.945532758377902394e-03 9.996363940012274740e-02
5.890034573387748461e-03 1.865728844319736613e-03 9.997239689399729790e-02
5.657619724508602434e-03 1.941779220565414705e-03 9.989929058032678832e-02
5.709325844737247503e-03 2.114901382860649628e-03 9.973679493246861982e-02
5.900750843872103017e-03 1.988716433362262490e-03 9.981277342022976118e-02
5.746035037552828934e-03 1.990612281021776706e-03 9.985741258020200406e-02
5.746035037552828934e-03 1.990612281021776706e-03 9.985741258020200406e-02
5.746035037552828934e-03 1.990612281021776706e-03 9.985741258020200406e-02
5.746035037552828934e-03 1.990612281021776706e-03 9.985741258020200406e-02
5.921321218762524811e-03 1.948828299463093968e-03 9.983348768128245954e-02
5.805090172495079581e-03 1.956088422530148814e-03 9.995216864317259253e-02
5.810855663011232040e-03 2.057645149666003422e-03 9.987057090840005535e-02
5.937257627763200402e-03 1.901144339933629433e-03 9.987292062651770275e-02
5.805090172495079581e-03 1.956088422530148814e-03 9.995216864317259253e-02
5.890034573387748461e-03 1.865728844319736613e-03 9.997239689399729790e-02
5.825958853790546947e-03 2.003502020723603276e-03 1.000038619959831288e-01
5.890034573387748461e-03 1.865728844319736613e-03 9.997239689399729790e-02
5.835622059855403131e-03 2.038600681650376122e-03 9.981319873769650686e-02
5.768203708149915836e-03 2.080790036262351091e-03 9.983239903468837939e-02
5.900619772932092638e-03 1.855755401872397504e-03 9.998024180521472570e-02
5.721312911363337327e-03 2.047104011145179508e-03 9.992750221670489152e-02
5.657619724508602434e-03 1.941779220565414705e-03 9.989929058032678832e-02
5.662476454300426759e-03 2.082000274015680021e-03 9.983066455084040058e-02
5.863983973433001436e-03 1.921726720630024957e-03 1.000460996845740358e-01
5.706858858472664900e-03 2.072865104800761075e-03 9.981348442329587844e-02
5.890034573387748461e-03 1.865728844319736613e-03 9.997239689399729790e-02
5.671219138007524592e-03 2.070470221717426573e-03 9.984741764459931224e-02
5.657619724508602434e-03 1.941779220565414705e-03 9.989929058032678832e-02
5.852169102458212001e-03 1.990629911882549341e-03 9.985486939293387876e-02
5.774762636592128094e-03 2.065754030335182224e-03 9.973694432992838421e-02
5.835622059855403131e-03 2.038600681650376122e-03 9.981319873769650686e-02
5.805090172495079581e-03 1.956088422530148814e-03 9.995216864317259253e-02
5.768203708149915836e-03 2.080790036262351091e-03 9.983239903468837939e-02
5.766489476027449740e-03 2.038112680891152398e-03 9.990908753058064251e-02
5.709325844737247503e-03 2.114901382860649628e-03 9.973679493246861982e-02
5.678589217485246338e-03 1.989814212335897902e-03 9.995120313332066242e-02
5.696495141188910594e-03 2.013712671747732927e-03 9.977679209547192507e-02
5.766489476027449740e-03 2.038112680891152398e-03 9.990908753058064251e-02
5.795638783821023370e-03 1.985321847135378300e-03 9.994265912504325666e-02
5.766489476027449740e-03 2.038112680891152398e-03 9.990908753058064251e-02
5.746035037552828934e-03 1.990612281021776706e-03 9.985741258020200406e-02
5.911103287083281643e-03 1.912576595763339085e-03 1.000239682365426791e-01
5.746035037552828934e-03 1.990612281021776706e-03 9.985741258020200406e-02
5.746035037552828934e-03 1.990612281021776706e-03 9.985741258020200406e-02
5.755707297263884178e-03 1.979532675473491370e-03 9.987062994054972387e-02
5.751052606524999049e-03 2.128954063197479978e-03 9.978849490173416492e-02
5.835622059855403131e-03 2.038600681650376122e-03 9.981319873769650686e-02
5.721312911363337327e-03 2.047104011145179508e-03 9.992750221670489152e-02
5.719165152168534730e-03 1.919587287160887676e-03 1.000808840158549790e-01
5.851430234663021132e-03 1.946758879255743556e-03 9.993133527583700215e-02
5.835622059855403131e-03 2.038600681650376122e-03 9.981319873769650686e-02
5.793074075408610399e-03 2.024350535121688562e-03 9.976133400636978676e-02
5.852169102458212001e-03 1.990629911882549341e-03 9.985486939293387876e-02
5.746035037552828934e-03 1.990612281021776706e-03 9.985741258020200406e-02
5.835622059855403131e-03 2.038600681650376122e-03 9.981319873769650686e-02
5.805090172495079581e-03 1.956088422530148814e-03 9.995216864317259253e-02
5.949156868333260045e-03 1.831849903512638164e-03 1.000641889235916460e-01
5.746035037552828934e-03 1.990612281021776706e-03 9.985741258020200406e-02
5.768203708149915836e-03 2.080790036262351091e-03 9.983239903468837939e-02
5.775804091714149130e-03 2.072160497646528560e-03 9.971875015644555973e-02
5.810505669305418910e-03 2.095175224945157455e-03 9.988421334095896886e-02
5.768203708149915836e-03 2.080790036262351091e-03 9.983239903468837939e-02
5.795638783821023370e-03 1.985321847135378300e-03 9.994265912504325666e-02
5.660999083534273141e-03 1.954603903247768750e-03 9.998537506803528707e-02
5.835622059855403131e-03 2.038600681650376122e-03 9.981319873769650686e-02
5.885266518424704316e-03 1.969053073476604698e-03 1.000977995672294035e-01
5.686818883673835229e-03 2.025278723035075969e-03 9.976183936042913591e-02
5.805090172495079581e-03 1.956088422530148814e-03 9.995216864317259253e-02
5.805090172495079581e-03 1.956088422530148814e-03 9.995216864317259253e-02
5.895297043579505319e-03 2.005204777635686761e-03 9.990683754854284837e-02
5.768203708149915836e-03 2.080790036262351091e-03 9.983239903468837939e-02
5.746035037552828934e-03 1.990612281021776706e-03 9.985741258020200406e-02
5.890034573387748461e-03 1.865728844319736613e-03 9.997239689399729790e-02
5.755707297263884178e-03 1.979532675473491370e-03 9.987062994054972387e-02
5.805090172495079581e-03 1.956088422530148814e-03 9.995216864317259253e-02
5.852169102458212001e-03 1.990629911882549341e-03 9.985486939293387876e-02
5.954829468346139673e-03 1.971991233306130253e-03 9.999965942638286420e-02
5.798519004179949164e-03 1.994369766083796403e-03 9.992267348158230533e-02
5.793074075408610399e-03 2.024350535121688562e-03 9.976133400636978676e-02
5.746035037552828934e-03 1.990612281021776706e-03 9.985741258020200406e-02
5.751052606524999049e-03 2.128954063197479978e-03 9.978849490173416492e-02
5.856925287612717301e-03 1.921895164012460801e-03 1.000023571478117490e-01
5.810505669305418910e-03 2.095175224945157455e-03 9.988421334095896886e-02
5.721312911363337327e-03 2.047104011145179508e-03 9.992750221670489152e-02
5.825958853790546947e-03 2.003502020723603276e-03 1.000038619959831288e-01
5.698189647678495243e-03 2.072403686302478395e-03 9.996687988052180285e-02
5.768203708149915836e-03 2.080790036262351091e-03 9.983239903468837939e-02
5.686818883673835229e-03 2.025278723035075969e-03 9.976183936042913591e-02
5.937257627763200402e-03 1.901144339933629433e-03 9.987292062651770275e-02
5.835622059855403131e-03 2.038600681650376122e-03 9.981319873769650686e-02
5.766489476027449740e-03 2.038112680891152398e-03 9.990908753058064251e-02
5.900750843872103017e-03 1.988716433362262490e-03 9.981277342022976118e-02
5.805090172495079581e-03 1.956088422530148814e-03 9.995216864317259253e-02
5.745270293096278388e-03 1.863779596392919511e-03 1.000088361907276874e-01
5.716042294149644917e-03 1.906080396405707405e-03 9.999510806404707242e-02
5.721312911363337327e-03 2.047104011145179508e-03 9.992750221670489152e-02
5.793074075408610399e-03 2.024350535121688562e-03 9.976133400636978676e-02
5.746035037552828934e-03 1.990612281021776706e-03 9.985741258020200406e-02
5.793074075408610399e-03 2.024350535121688562e-03 9.976133400636978676e-02
5.793074075408610399e-03 2.024350535121688562e-03 9.976133400636978676e-02
5.709325844737247503e-03 2.114901382860649628e-03 9.973679493246861982e-02
5.805090172495079581e-03 1.956088422530148814e-03 9.995216864317259253e-02
5.755707297263884178e-03 1.979532675473491370e-03 9.987062994054972387e-02
5.738756947548354255e-03 1.989616367248234468e-03 9.981569187956237932e-02
5.805090172495079581e-03 1.956088422530148814e-03 9.995216864317259253e-02
5.741937890563315709e-03 2.095056474421393318e-03 9.997928680506158738e-02
5.768203708149915836e-03 2.080790036262351091e-03 9.983239903468837939e-02
5.746035037552828934e-03 1.990612281021776706e-03 9.985741258020200406e-02
5.885495059059438899e-03 2.012997558779825672e-03 1.000212182999691835e-01
5.852169102458212001e-03 1.990629911882549341e-03 9.985486939293387876e-02
5.810855663011232040e-03 2.057645149666003422e-03 9.987057090840005535e-02
5.916687836359080417e-03 1.940057131999059926e-03 9.985463417850888590e-02
5.835622059855403131e-03 2.038600681650376122e-03 9.981319873769650686e-02
5.746035037552828934e-03 1.990612281021776706e-03 9.985741258020200406e-02
5.772612683283165173e-03 2.051026889943533427e-03 9.999452853258217200e-02
5.793074075408610399e-03 2.024350535121688562e-03 9.976133400636978676e-02
5.768203708149915836e-03 2.080790036262351091e-03 9.983239903468837939e-02
5.835622059855403131e-03 2.038600681650376122e-03 9.981319873769650686e-02
5.746035037552828934e-03 1.990612281021776706e-03 9.985741258020200406e-02
5.835210220978916985e-03 2.000972939718706229e-03 9.979926248051412818e-02
5.878118551807015764e-03 2.014801016234788779e-03 9.985087514101684270e-02
5.733830245473760766e-03 2.058230328080725216e-03 9.966699271750874278e-02
5.738721760159774116e-03 2.028226795162114699e-03 9.982871520317339320e-02
5.650147524813737936e-03 2.023005985160627150e-03 9.979540310645827750e-02
5.923116630415992817e-03 1.824993977222543569e-03 9.998073273066553079e-02
5.793074075408610399e-03 2.024350535121688562e-03 9.976133400636978676e-02
5.746035037552828934e-03 1.990612281021776706e-03 9.985741258020200406e-02
5.746035037552828934e-03 1.990612281021776706e-03 9.985741258020200406e-02
5.660999083534273141e-03 1.954603903247768750e-03 9.998537506803528707e-02
5.890034573387748461e-03 1.865728844319736613e-03 9.997239689399729790e-02
5.852169102458212001e-03 1.990629911882549341e-03 9.985486939293387876e-02
5.793074075408610399e-03 2.024350535121688562e-03 9.976133400636978676e-02
5.733830245473760766e-03 2.058230328080725216e-03 9.966699271750874278e-02
5.709325844737247503e-03 2.114901382860649628e-03 9.973679493246861982e-02
5.825958853790546947e-03 2.003502020723603276e-03 1.000038619959831288e-01
5.911115693278137795e-03 1.957087339618071662e-03 9.994759153469477686e-02
5.793074075408610399e-03 2.024350535121688562e-03 9.976133400636978676e-02
5.805090172495079581e-03 1.956088422530148814e-03 9.995216864317259253e-02
5.709325844737247503e-03 2.114901382860649628e-03 9.973679493246861982e-02
5.852169102458212001e-03 1.990629911882549341e-03 9.985486939293387876e-02
5.884997457392162658e-03 1.904250073806190886e-03 9.994156771298232100e-02
5.852169102458212001e-03 1.990629911882549341e-03 9.985486939293387876e-02
5.768203708149915836e-03 2.080790036262351091e-03 9.983239903468837939e-02
5.833402523131871707e-03 2.031177560666463672e-03 9.983243321407235527e-02
5.768203708149915836e-03 2.080790036262351091e-03 9.983239903468837939e-02
5.751052606524999049e-03 2.128954063197479978e-03 9.978849490173416492e-02
5.852169102458212001e-03 1.990629911882549341e-03 9.985486939293387876e-02
5.852169102458212001e-03 1.990629911882549341e-03 9.985486939293387876e-02
5.825958853790546947e-03 2.003502020723603276e-03 1.000038619959831288e-01
5.755707297263884178e-03 1.979532675473491370e-03 9.987062994054972387e-02
5.768203708149915836e-03 2.080790036262351091e-03 9.983239903468837939e-02
5.793074075408610399e-03 2.024350535121688562e-03 9.976133400636978676e-02
5.768203708149915836e-03 2.080790036262351091e-03 9.983239903468837939e-02
5.746035037552828934e-03 1.990612281021776706e-03 9.985741258020200406e-02
5.755707297263884178e-03 1.979532675473491370e-03 9.987062994054972387e-02
5.852169102458212001e-03 1.990629911882549341e-03 9.985486939293387876e-02
5.746035037552828934e-03 1.990612281021776706e-03 9.985741258020200406e-02
5.766489476027449740e-03 2.038112680891152398e-03 9.990908753058064251e-02
5.805090172495079581e-03 1.956088422530148814e-03 9.995216864317259253e-02
5.835622059855403131e-03 2.038600681650376122e-03 9.981319873769650686e-02
5.768203708149915836e-03 2.080790036262351091e-03 9.983239903468837939e-02
5.805090172495079581e-03 1.956088422530148814e-03 9.995216864317259253e-02
5.768203708149915836e-03 2.080790036262351091e-03 9.983239903468837939e-02
5.805090172495079581e-03 1.956088422530148814e-03 9.995216864317259253e-02
5.900750843872103017e-03 1.988716433362262490e-03 9.981277342022976118e-02
5.696495141188910594e-03 2.013712671747732927e-03 9.977679209547192507e-02
5.751052606524999049e-03 2.128954063197479978e-03 9.978849490173416492e-02
5.662476454300426759e-03 2.082000274015680021e-03 9.983066455084040058e-02
5.768203708149915836e-03 2.080790036262351091e-03 9.983239903468837939e-02
5.713191282290441299e-03 2.085121456536712624e-03 9.989927983896908226e-02
5.746035037552828934e-03 1.990612281021776706e-03 9.985741258020200406e-02
5.810505669305418910e-03 2.095175224945157455e-03 9.988421334095896886e-02
5.805090172495079581e-03 1.956088422530148814e-03 9.995216864317259253e-02
5.709325844737247503e-03 2.114901382860649628e-03 9.973679493246861982e-02
5.793074075408610399e-03 2.024350535121688562e-03 9.976133400636978676e-02
5.686688241807907537e-03 1.898511044906755043e-03 9.991461369362483746e-02
5.708554852944238908e-03 1.988651444508552496e-03 9.989051299693883779e-02
5.793074075408610399e-03 2.024350535121688562e-03 9.976133400636978676e-02
5.835622059855403131e-03 2.038600681650376122e-03 9.981319873769650686e-02
5.734409476296148563e-03 1.932612071351634889e-03 9.981874115055143493e-02
5.835622059855403131e-03 2.038600681650376122e-03 9.981319873769650686e-02
5.869810449497810112e-03 2.061538948758709962e-03 9.997913452508958021e-02
5.746035037552828934e-03 1.990612281021776706e-03 9.985741258020200406e-02
5.662476454300426759e-03 2.082000274015680021e-03 9.983066455084040058e-02
5.825958853790546947e-03 2.003502020723603276e-03 1.000038619959831288e-01
5.660999083534273141e-03 1.954603903247768750e-03 9.998537506803528707e-02
5.805090172495079581e-03 1.956088422530148814e-03 9.995216864317259253e-02
5.746035037552828934e-03 1.990612281021776706e-03 9.985741258020200406e-02
5.852169102458212001e-03 1.990629911882549341e-03 9.985486939293387876e-02
5.662476454300426759e-03 2.082000274015680021e-03 9.983066455084040058e-02
5.746035037552828934e-03 1.990612281021776706e-03 9.985741258020200406e-02
5.768203708149915836e-03 2.080790036262351091e-03 9.983239903468837939e-02
5.768203708149915836e-03 2.080790036262351091e-03 9.983239903468837939e-02
5.793074075408610399e-03 2.024350535121688562e-03 9.976133400636978676e-02
5.746035037552828934e-03 1.990612281021776706e-03 9.985741258020200406e-02
5.768203708149915836e-03 2.080790036262351091e-03 9.983239903468837939e-02
5.762743349994999854e-03 1.835730445947299748e-03 9.992612370591208437e-02
5.746035037552828934e-03 1.990612281021776706e-03 9.985741258020200406e-02
5.709325844737247503e-03 2.114901382860649628e-03 9.973679493246861982e-02
5.746035037552828934e-03 1.990612281021776706e-03 9.985741258020200406e-02
5.863983973433001436e-03 1.921726720630024957e-03 1.000460996845740358e-01
5.805090172495079581e-03 1.956088422530148814e-03 9.995216864317259253e-02
5.746035037552828934e-03 1.990612281021776706e-03 9.985741258020200406e-02
5.709325844737247503e-03 2.114901382860649628e-03 9.973679493246861982e-02
5.775804091714149130e-03 2.072160497646528560e-03 9.971875015644555973e-02
5.746035037552828934e-03 1.990612281021776706e-03 9.985741258020200406e-02
5.709325844737247503e-03 2.114901382860649628e-03 9.973679493246861982e-02
5.835622059855403131e-03 2.038600681650376122e-03 9.981319873769650686e-02
5.733830245473760766e-03 2.058230328080725216e-03 9.966699271750874278e-02
5.766489476027449740e-03 2.038112680891152398e-03 9.990908753058064251e-02
5.768203708149915836e-03 2.080790036262351091e-03 9.983239903468837939e-02
5.835622059855403131e-03 2.038600681650376122e-03 9.981319873769650686e-02
5.876055276907149807e-03 2.045783244945835119e-03 9.988393906300921388e-02
5.755707297263884178e-03 1.979532675473491370e-03 9.987062994054972387e-02
5.671219138007524592e-03 2.070470221717426573e-03 9.984741764459931224e-02
5.768203708149915836e-03 2.080790036262351091e-03 9.983239903468837939e-02
5.746035037552828934e-03 1.990612281021776706e-03 9.985741258020200406e-02
5.746035037552828934e-03 1.990612281021776706e-03 9.985741258020200406e-02
5.949156868333260045e-03 1.831849903512638164e-03 1.000641889235916460e-01
5.805090172495079581e-03 1.956088422530148814e-03 9.995216864317259253e-02
5.793057012955316401e-03 1.898700144248954488e-03 9.991176042645978639e-02
5.766489476027449740e-03 2.038112680891152398e-03 9.990908753058064251e-02
5.768203708149915836e-03 2.080790036262351091e-03 9.983239903468837939e-02
5.793074075408610399e-03 2.024350535121688562e-03 9.976133400636978676e-02
5.793074075408610399e-03 2.024350535121688562e-03 9.976133400636978676e-02
5.733830245473760766e-03 2.058230328080725216e-03 9.966699271750874278e-02
5.810855663011232040e-03 2.057645149666003422e-03 9.987057090840005535e-02
5.746035037552828934e-03 1.990612281021776706e-03 9.985741258020200406e-02
5.793057012955316401e-03 1.898700144248954488e-03 9.991176042645978639e-02
5.793074075408610399e-03 2.024350535121688562e-03 9.976133400636978676e-02
5.996430230109804117e-03 1.868097969973289609e-03 9.996352010846944192e-02
5.805090172495079581e-03 1.956088422530148814e-03 9.995216864317259253e-02
5.746035037552828934e-03 1.990612281021776706e-03 9.985741258020200406e-02
5.768203708149915836e-03 2.080790036262351091e-03 9.983239903468837939e-02
5.716042294149644917e-03 1.906080396405707405e-03 9.999510806404707242e-02
5.678589217485246338e-03 1.989814212335897902e-03 9.995120313332066242e-02
5.746035037552828934e-03 1.990612281021776706e-03 9.985741258020200406e-02
5.721312911363337327e-03 2.047104011145179508e-03 9.992750221670489152e-02
5.799960811714723920e-03 1.814633985025141272e-03 1.000173018275922615e-01
5.713191282290441299e-03 2.085121456536712624e-03 9.989927983896908226e-02
5.799960811714723920e-03 1.814633985025141272e-03 1.000173018275922615e-01
5.768203708149915836e-03 2.080790036262351091e-03 9.983239903468837939e-02
5.798519004179949164e-03 1.994369766083796403e-03 9.992267348158230533e-02
5.805090172495079581e-03 1.956088422530148814e-03 9.995216864317259253e-02
5.716042294149644917e-03 1.906080396405707405e-03 9.999510806404707242e-02
5.869810449497810112e-03 2.061538948758709962e-03 9.997913452508958021e-02
5.746035037552828934e-03 1.990612281021776706e-03 9.985741258020200406e-02
5.733830245473760766e-03 2.058230328080725216e-03 9.966699271750874278e-02
5.746035037552828934e-03 1.990612281021776706e-03 9.985741258020200406e-02
5.805090172495079581e-03 1.956088422530148814e-03 9.995216864317259253e-02
5.746035037552828934e-03 1.990612281021776706e-03 9.985741258020200406e-02
5.766489476027449740e-03 2.038112680891152398e-03 9.990908753058064251e-02
5.793074075408610399e-03 2.024350535121688562e-03 9.976133400636978676e-02
5.746035037552828934e-03 1.990612281021776706e-03 9.985741258020200406e-02
5.793074075408610399e-03 2.024350535121688562e-03 9.976133400636978676e-02
5.851551075895235383e-03 1.864987348666125293e-03 1.000039574896394584e-01
5.746035037552828934e-03 1.990612281021776706e-03 9.985741258020200406e-02
5.911115693278137795e-03 1.957087339618071662e-03 9.994759153469477686e-02
5.709325844737247503e-03 2.114901382860649628e-03 9.973679493246861982e-02
5.746035037552828934e-03 1.990612281021776706e-03 9.985741258020200406e-02
5.949156868333260045e-03 1.831849903512638164e-03 1.000641889235916460e-01
5.805090172495079581e-03 1.956088422530148814e-03 9.995216864317259253e-02
5.793074075408610399e-03 2.024350535121688562e-03 9.976133400636978676e-02
5.768203708149915836e-03 2.080790036262351091e-03 9.983239903468837939e-02
5.825958853790546947e-03 2.003502020723603276e-03 1.000038619959831288e-01
5.639150595842132470e-03 2.106600031340607332e-03 9.987002543796427712e-02
5.768203708149915836e-03 2.080790036262351091e-03 9.983239903468837939e-02
5.662476454300426759e-03 2.082000274015680021e-03 9.983066455084040058e-02
5.890034573387748461e-03 1.865728844319736613e-03 9.997239689399729790e-02
5.746035037552828934e-03 1.990612281021776706e-03 9.985741258020200406e-02
5.805090172495079581e-03 1.956088422530148814e-03 9.995216864317259253e-02
5.852169102458212001e-03 1.990629911882549341e-03 9.985486939293387876e-02
5.981218170705447992e-03 1.915878746785656516e-03 9.992500885549364387e-02
5.709325844737247503e-03 2.114901382860649628e-03 9.973679493246861982e-02
5.768203708149915836e-03 2.080790036262351091e-03 9.983239903468837939e-02
5.852169102458212001e-03 1.990629911882549341e-03 9.985486939293387876e-02
5.708554852944238908e-03 1.988651444508552496e-03 9.989051299693883779e-02
5.825958853790546947e-03 2.003502020723603276e-03 1.000038619959831288e-01
5.721312911363337327e-03 2.047104011145179508e-03 9.992750221670489152e-02
5.937257627763200402e-03 1.901144339933629433e-03 9.987292062651770275e-02
5.814764704923162421e-03 1.945532758377902394e-03 9.996363940012274740e-02
5.793074075408610399e-03 2.024350535121688562e-03 9.976133400636978676e-02
5.793074075408610399e-03 2.024350535121688562e-03 9.976133400636978676e-02
5.686818883673835229e-03 2.025278723035075969e-03 9.976183936042913591e-02
5.937257627763200402e-03 1.901144339933629433e-03 9.987292062651770275e-02
5.825958853790546947e-03 2.003502020723603276e-03 1.000038619959831288e-01
5.805090172495079581e-03 1.956088422530148814e-03 9.995216864317259253e-02
5.746035037552828934e-03 1.990612281021776706e-03 9.985741258020200406e-02
5.911115693278137795e-03 1.957087339618071662e-03 9.994759153469477686e-02
5.805090172495079581e-03 1.956088422530148814e-03 9.995216864317259253e-02
5.810505669305418910e-03 2.095175224945157455e-03 9.988421334095896886e-02
5.841338074425954721e-03 1.889258209148141944e-03 9.988937785690468751e-02
5.751052606524999049e-03 2.128954063197479978e-03 9.978849490173416492e-02
5.766489476027449740e-03 2.038112680891152398e-03 9.990908753058064251e-02
5.830757836044214541e-03 1.899812249154219680e-03 9.987976239671732259e-02
5.602657717601901115e-03 1.989761082149204587e-03 9.988904907355841689e-02
5.890034573387748461e-03 1.865728844319736613e-03 9.997239689399729790e-02
5.746035037552828934e-03 1.990612281021776706e-03 9.985741258020200406e-02
5.793074075408610399e-03 2.024350535121688562e-03 9.976133400636978676e-02
5.709325844737247503e-03 2.114901382860649628e-03 9.973679493246861982e-02
5.793074075408610399e-03 2.024350535121688562e-03 9.976133400636978676e-02
5.805090172495079581e-03 1.956088422530148814e-03 9.995216864317259253e-02
5.708554852944238908e-03 1.988651444508552496e-03 9.989051299693883779e-02
5.793074075408610399e-03 2.024350535121688562e-03 9.976133400636978676e-02
5.895297043579505319e-03 2.005204777635686761e-03 9.990683754854284837e-02
5.830757836044214541e-03 1.899812249154219680e-03 9.987976239671732259e-02
5.766489476027449740e-03 2.038112680891152398e-03 9.990908753058064251e-02
5.709325844737247503e-03 2.114901382860649628e-03 9.973679493246861982e-02
5.835622059855403131e-03 2.038600681650376122e-03 9.981319873769650686e-02
5.768203708149915836e-03 2.080790036262351091e-03 9.983239903468837939e-02
5.852169102458212001e-03 1.990629911882549341e-03 9.985486939293387876e-02
5.805090172495079581e-03 1.956088422530148814e-03 9.995216864317259253e-02
5.730054172819860035e-03 2.036039296213664612e-03 9.994253820218106099e-02
5.709325844737247503e-03 2.114901382860649628e-03 9.973679493246861982e-02
5.602657717601901115e-03 1.989761082149204587e-03 9.988904907355841689e-02
5.768203708149915836e-03 2.080790036262351091e-03 9.983239903468837939e-02
5.657619724508602434e-03 1.941779220565414705e-03 9.989929058032678832e-02
5.755707297263884178e-03 1.979532675473491370e-03 9.987062994054972387e-02
5.746035037552828934e-03 1.990612281021776706e-03 9.985741258020200406e-02
5.730054172819860035e-03 2.036039296213664612e-03 9.994253820218106099e-02
5.746035037552828934e-03 1.990612281021776706e-03 9.985741258020200406e-02
5.721312911363337327e-03 2.047104011145179508e-03 9.992750221670489152e-02
5.768203708149915836e-03 2.080790036262351091e-03 9.983239903468837939e-02
5.805090172495079581e-03 1.956088422530148814e-03 9.995216864317259253e-02
5.810505669305418910e-03 2.095175224945157455e-03 9.988421334095896886e-02
5.766489476027449740e-03 2.038112680891152398e-03 9.990908753058064251e-02
5.721312911363337327e-03 2.047104011145179508e-03 9.992750221670489152e-02
5.805090172495079581e-03 1.956088422530148814e-03 9.995216864317259253e-02
5.660999083534273141e-03 1.954603903247768750e-03 9.998537506803528707e-02
5.730054172819860035e-03 2.036039296213664612e-03 9.994253820218106099e-02
5.768203708149915836e-03 2.080790036262351091e-03 9.983239903468837939e-02
5.810505669305418910e-03 2.095175224945157455e-03 9.988421334095896886e-02
5.949156868333260045e-03 1.831849903512638164e-03 1.000641889235916460e-01
5.895297043579505319e-03 2.005204777635686761e-03 9.990683754854284837e-02
5.766489476027449740e-03 2.038112680891152398e-03 9.990908753058064251e-02
5.709325844737247503e-03 2.114901382860649628e-03 9.973679493246861982e-02
5.682671271428775539e-03 2.130026513193993953e-03 9.988241124819736971e-02
5.671219138007524592e-03 2.070470221717426573e-03 9.984741764459931224e-02
5.721312911363337327e-03 2.047104011145179508e-03 9.992750221670489152e-02
5.657619724508602434e-03 1.941779220565414705e-03 9.989929058032678832e-02
5.813107343313125841e-03 1.983685786188308254e-03 9.978080386182994199e-02
5.686818883673835229e-03 2.025278723035075969e-03 9.976183936042913591e-02
5.733830245473760766e-03 2.058230328080725216e-03 9.966699271750874278e-02
5.768203708149915836e-03 2.080790036262351091e-03 9.983239903468837939e-02
5.746035037552828934e-03 1.990612281021776706e-03 9.985741258020200406e-02
5.751210312300083019e-03 2.003830135981878383e-03 9.994238722020561128e-02
5.686688241807907537e-03 1.898511044906755043e-03 9.991461369362483746e-02
5.852169102458212001e-03 1.990629911882549341e-03 9.985486939293387876e-02
5.774762636592128094e-03 2.065754030335182224e-03 9.973694432992838421e-02
5.746035037552828934e-03 1.990612281021776706e-03 9.985741258020200406e-02
5.900750843872103017e-03 1.988716433362262490e-03 9.981277342022976118e-02
5.686688241807907537e-03 1.898511044906755043e-03 9.991461369362483746e-02
5.746035037552828934e-03 1.990612281021776706e-03 9.985741258020200406e-02
