7.336228974822589510e-01 -3.213547989302260599e-01 3.201092708533379572e-01 -7.506803693985033554e-01 3.521282935597513930e-01 -8.632095607614190813e-01
6.913351142797088400e-01 -2.897870772053698363e-01 2.876229932284767865e-01 -6.828045913663073341e-01 3.459833181359202592e-01 -8.183285174316938804e-01
6.898522205190752432e-01 -2.892368504580712374e-01 2.840055275008593894e-01 -6.741348329243207482e-01 3.421568773648092088e-01 -8.119782248795955892e-01
6.920681772374259744e-01 -2.888864033989628211e-01 2.688447547992383613e-01 -6.395009446436421552e-01 3.185035924999025103e-01 -8.037472006161159310e-01
6.800905672876773611e-01 -2.835294272471267085e-01 2.627904787189457858e-01 -6.297487187685181231e-01 2.936406890725142271e-01 -8.141209111188318914e-01
6.576763502602135381e-01 -2.736477815066799546e-01 2.568376689788197664e-01 -6.230027733056902051e-01 2.385191791057478528e-01 -8.365925565594558577e-01
6.390267163601414113e-01 -2.653455854427351768e-01 2.518012132878149067e-01 -6.201528058549904410e-01 1.604228075121178210e-01 -8.486789281837641141e-01
6.283563561616896109e-01 -2.606814895769324347e-01 2.418448636122023099e-01 -6.095451216603451350e-01 7.685042647276521532e-02 -8.779430869906899026e-01
6.148172850888163898e-01 -2.541875134801656611e-01 2.287602388936945674e-01 -5.939350846866827682e-01 -1.444670395179298641e-02 -8.803619800089405034e-01
6.048576894580167673e-01 -2.490864632484438568e-01 2.204047252929669520e-01 -5.897720816237430608e-01 -1.161137700809569406e-01 -8.924689256490195843e-01
5.954616247193176282e-01 -2.452865315243591693e-01 2.141638588354576322e-01 -5.878653291140797377e-01 -1.947318969682751699e-01 -8.889930027205299456e-01
5.930309170350044345e-01 -2.441258336973305965e-01 2.067627626547665354e-01 -5.819327264878823014e-01 -2.587594359682966472e-01 -8.788394176803181468e-01
5.858479805160804466e-01 -2.407613614755834686e-01 1.900276720195953339e-01 -5.417002188171173849e-01 -3.062645945376603618e-01 -8.914316286396773981e-01
5.862895740146731871e-01 -2.412225183175071008e-01 1.841831776848265323e-01 -5.292300476947919829e-01 -3.238131871450860011e-01 -8.810823951092494610e-01
5.886288728836228668e-01 -2.422397122505967060e-01 1.829679503420786613e-01 -5.295669637595831203e-01 -3.330468459392706970e-01 -8.807314522459788186e-01
5.896926271509371764e-01 -2.426642374562451576e-01 1.819657501214523576e-01 -5.291629546241090054e-01 -3.380399590520174469e-01 -8.870259992369793345e-01
5.948889839187301298e-01 -2.449267768308076298e-01 1.821042368357285446e-01 -5.313494306086989916e-01 -3.315106453295612599e-01 -8.865205109196622191e-01
6.089078299467756139e-01 -2.514406072469883568e-01 1.796242127530180699e-01 -5.241947147678222008e-01 -3.195060094388999516e-01 -8.954494109831329096e-01
6.175134633453835953e-01 -2.551408776807160828e-01 1.809570727149288072e-01 -5.275417636280256284e-01 -3.047388437339136891e-01 -8.980498409833621576e-01
6.234554187719147933e-01 -2.585199705544040105e-01 1.817647510703013503e-01 -5.290087580190884209e-01 -2.925420626329609530e-01 -8.969994821422087039e-01
6.308042445164819823e-01 -2.625178538651176119e-01 1.824375510484975704e-01 -5.288381583741608161e-01 -2.939555377066248032e-01 -8.925577784612437338e-01
6.510246526066486572e-01 -2.716470720470244848e-01 1.863142394022099524e-01 -5.334589020455955399e-01 -2.885812497880885785e-01 -8.766311025529373024e-01
6.594984864142487968e-01 -2.759817242906360546e-01 1.953051491438192733e-01 -5.507827194171611707e-01 -2.857748399847324094e-01 -8.734701086698321015e-01
6.662403811917999574e-01 -2.793022675493356255e-01 1.999955370992706760e-01 -5.556007722972614582e-01 -2.706473157712127042e-01 -8.711990660428922117e-01
6.662403811917999574e-01 -2.793022675493356255e-01 1.999955370992706760e-01 -5.556007722972614582e-01 -2.706473157712127042e-01 -8.711990660428922117e-01
6.637522371474241512e-01 -2.798250855689197736e-01 2.039788326565291632e-01 -5.557570677118980340e-01 -2.591017310623856540e-01 -8.723778457661864882e-01
6.848509542113327964e-01 -2.894356065861201088e-01 2.190424798856726862e-01 -5.769346139474880175e-01 -2.255862926124434231e-01 -8.719712957103286088e-01
6.910580058983519791e-01 -2.915935138573195196e-01 2.276088137055640725e-01 -5.908777134631284511e-01 -2.065967828639757309e-01 -8.712993381487987854e-01
6.910580058983519791e-01 -2.915935138573195196e-01 2.276088137055640725e-01 -5.908777134631284511e-01 -2.065967828639757309e-01 -8.712993381487987854e-01
6.954233511076803875e-01 -2.938188503700092657e-01 2.323470384256892951e-01 -5.957151653282396486e-01 -1.825747807207328544e-01 -8.720131868525200503e-01
7.072330703994886836e-01 -2.985027746348478672e-01 2.358130874043792291e-01 -5.970244196401947034e-01 -1.432906773017230406e-01 -8.713576575743698927e-01
7.114044915563798588e-01 -3.005775939730528368e-01 2.372145903528440347e-01 -5.995996197328781196e-01 -1.333855655127437756e-01 -8.704042652968209115e-01
7.090091649991039358e-01 -2.993796562812933160e-01 2.372036138848574449e-01 -5.995048454357416734e-01 -1.303278314565535501e-01 -8.717476550115130784e-01
7.086219517777625487e-01 -2.997824150341794613e-01 2.387727635679777471e-01 -6.036615470790155369e-01 -1.296324891267550405e-01 -8.716822813107365509e-01
7.105803012301904475e-01 -3.013623094469407016e-01 2.400104059589267536e-01 -6.078565017310086915e-01 -1.248109820952577886e-01 -8.741641910076451971e-01
7.105803012301904475e-01 -3.013623094469407016e-01 2.400104059589267536e-01 -6.078565017310086915e-01 -1.248109820952577886e-01 -8.741641910076451971e-01
7.144032869201907276e-01 -3.036758531432666164e-01 2.434333689317719762e-01 -6.187716836848097257e-01 -1.177227533427813583e-01 -8.819109075392175257e-01
6.950247319269723389e-01 -2.958218788244609820e-01 2.430964227247715825e-01 -6.222747843579248261e-01 -1.058986304843137771e-01 -8.904217870235918708e-01
6.950247319269723389e-01 -2.958218788244609820e-01 2.430964227247715825e-01 -6.222747843579248261e-01 -1.058986304843137771e-01 -8.904217870235918708e-01
6.849846861269399678e-01 -2.916419386897953769e-01 2.435808835633304081e-01 -6.289256939715267558e-01 -1.064597690055857221e-01 -9.003352793923284914e-01
6.767333054218339639e-01 -2.873442172152827490e-01 2.527223166709749447e-01 -6.572252152858921725e-01 -1.077510621087587328e-01 -9.263339735750210080e-01
6.809810603866058853e-01 -2.898334683587962535e-01 2.396153696903614294e-01 -6.365055050238563883e-01 -1.400748653158115364e-01 -9.336391802911310211e-01
6.807488761828228707e-01 -2.898595925257705375e-01 2.322438049657075676e-01 -6.261765590652863533e-01 -1.735506887530278708e-01 -9.409172766647762032e-01
6.723320762568634201e-01 -2.856162353810558496e-01 2.289034175225253265e-01 -6.309140614114112644e-01 -2.101539444756862218e-01 -9.446572667755379626e-01
6.724349377004165129e-01 -2.873724349951936596e-01 2.216813326538405182e-01 -6.291409979854771795e-01 -2.518399560498660317e-01 -9.408469210945143990e-01
6.677689639741704042e-01 -2.860894011507785217e-01 2.140496961854152502e-01 -6.248450294088112589e-01 -2.933674750436376377e-01 -9.381627276742234844e-01
6.677689639741704042e-01 -2.860894011507785217e-01 2.140496961854152502e-01 -6.248450294088112589e-01 -2.933674750436376377e-01 -9.381627276742234844e-01
6.697796576341721320e-01 -2.878164550109226227e-01 2.105301748870129497e-01 -6.293072193140226700e-01 -3.262090321823464811e-01 -9.263521465108643937e-01
6.649581191991351670e-01 -2.864908098966466032e-01 2.059273923655860483e-01 -6.316484041515152414e-01 -3.593527199953883144e-01 -9.140432996066795157e-01
6.685550828134817491e-01 -2.883530314650898929e-01 2.077312694389571446e-01 -6.517654117342122078e-01 -3.868007154951816906e-01 -9.109257632125623561e-01
6.685550828134817491e-01 -2.883530314650898929e-01 2.077312694389571446e-01 -6.517654117342122078e-01 -3.868007154951816906e-01 -9.109257632125623561e-01
6.660763661255878487e-01 -2.887468623902697540e-01 2.041763470670085179e-01 -6.562734073141814894e-01 -4.066385638720754203e-01 -9.005565265609472014e-01
6.664624880603523538e-01 -2.900360629988902317e-01 2.003469608950665393e-01 -6.579867092376648907e-01 -4.171465519395776700e-01 -8.961683051681608170e-01
6.099041750054589039e-01 -2.716194328986162310e-01 1.810323740332046849e-01 -6.291643373948653251e-01 -4.287548570090053968e-01 -8.956855452028776865e-01
6.135478450629853198e-01 -2.765089123137576821e-01 1.770142452553745416e-01 -6.252264030644496540e-01 -4.171645386618718643e-01 -9.003539259942650030e-01
6.037943258047147044e-01 -2.744452915565375184e-01 1.698196610516209681e-01 -6.126063982980697320e-01 -4.080644269514063782e-01 -9.039016404697464147e-01
6.048744167233935931e-01 -2.774304613850763768e-01 1.653224555389982420e-01 -6.068734109364344320e-01 -3.994312265444499577e-01 -9.062643744353393593e-01
5.983685452258512560e-01 -2.844514836965875704e-01 1.637875614243372580e-01 -6.169004980419058315e-01 -3.561479725594982049e-01 -9.208952121442485206e-01
5.625387261427462482e-01 -2.704862265999096183e-01 1.620630659230843928e-01 -6.138640018701269074e-01 -3.351859435980401036e-01 -9.293396969185312440e-01
5.625387261427462482e-01 -2.704862265999096183e-01 1.620630659230843928e-01 -6.138640018701269074e-01 -3.351859435980401036e-01 -9.293396969185312440e-01
5.777145398639931262e-01 -2.850473600904882554e-01 1.653369900157778405e-01 -6.322565659671574023e-01 -2.936596482674299624e-01 -9.434009735226464022e-01
5.777145398639931262e-01 -2.850473600904882554e-01 1.653369900157778405e-01 -6.322565659671574023e-01 -2.936596482674299624e-01 -9.434009735226464022e-01
5.847509416472284061e-01 -2.917189126142640254e-01 1.661157459615346665e-01 -6.354956544442286193e-01 -2.793289770951914996e-01 -9.468093286942351750e-01
5.835395572187707103e-01 -2.940510981498392629e-01 1.667303262538519237e-01 -6.376334260904226170e-01 -2.648385884588273509e-01 -9.492729364970802219e-01
5.721177349999808648e-01 -2.920170605161591104e-01 1.656382493953753587e-01 -6.329830524807749104e-01 -2.415231136761305519e-01 -9.538848047668698760e-01
5.882144937010369556e-01 -3.008503910984453023e-01 1.689129770483737691e-01 -6.441664068179424607e-01 -2.346051467567564219e-01 -9.569994687770164710e-01
5.822695705701926849e-01 -2.988238148045389564e-01 1.689087772333562332e-01 -6.407391372069415336e-01 -2.319557487919477745e-01 -9.552464805590674679e-01
6.025907416966241881e-01 -3.100989301074701388e-01 1.712469832075645404e-01 -6.482758611557957185e-01 -2.313318657738377970e-01 -9.495966972396135963e-01
6.025907416966241881e-01 -3.100989301074701388e-01 1.712469832075645404e-01 -6.482758611557957185e-01 -2.313318657738377970e-01 -9.495966972396135963e-01
6.040174736862009564e-01 -3.110808002493830604e-01 1.719433348164644271e-01 -6.486852802534001095e-01 -2.326557456068965579e-01 -9.485708767770921757e-01
6.089938773084662138e-01 -3.130472437713781031e-01 1.722766785333021411e-01 -6.475187465417128196e-01 -2.292933987163439935e-01 -9.480100507305190272e-01
6.431821805339730247e-01 -3.305350901720167656e-01 1.811519692025494177e-01 -6.737089397109972122e-01 -2.268410000083151690e-01 -9.416769767750742259e-01
6.399866245275324106e-01 -3.288964041277583350e-01 1.753447502619067677e-01 -6.479393229821619471e-01 -2.202109542470192527e-01 -9.436010846747082681e-01
6.466106159606515025e-01 -3.321955757478562976e-01 1.786043808303808544e-01 -6.573225847238216568e-01 -2.100707963466874884e-01 -9.451804452528337341e-01
6.510311767109854264e-01 -3.346703478472629056e-01 1.812080115698767313e-01 -6.635202961189451409e-01 -2.012663330799333850e-01 -9.433159612563000174e-01
6.582478997155617462e-01 -3.385162883679467827e-01 1.833539637044755977e-01 -6.690262620001932170e-01 -1.933957588651225856e-01 -9.383246471958008872e-01
6.582478997155617462e-01 -3.385162883679467827e-01 1.833539637044755977e-01 -6.690262620001932170e-01 -1.933957588651225856e-01 -9.383246471958008872e-01
6.535879474254598920e-01 -3.365846922042942113e-01 1.786418918446957826e-01 -6.469875018566697555e-01 -1.745219514834347452e-01 -9.398081082615472592e-01
6.535879474254598920e-01 -3.365846922042942113e-01 1.786418918446957826e-01 -6.469875018566697555e-01 -1.745219514834347452e-01 -9.398081082615472592e-01
6.439282620646540334e-01 -3.310042131784730057e-01 1.751232147128792827e-01 -6.288590731999410544e-01 -1.569510472564492332e-01 -9.433709787574705574e-01
6.500954768944848805e-01 -3.337335399030496585e-01 1.764305482963429983e-01 -6.318446935139384601e-01 -1.510239056631298704e-01 -9.468710132643193278e-01
6.589598068570049483e-01 -3.384326631643495009e-01 1.789558279234033100e-01 -6.392199797326790778e-01 -1.499759749992364832e-01 -9.554155185004848949e-01
6.604967535857648731e-01 -3.395016175527147961e-01 1.802137155113065770e-01 -6.417217197733916523e-01 -1.492154128622087683e-01 -9.547719473388962541e-01
6.653640748475985189e-01 -3.422565709815946211e-01 1.813298866600616399e-01 -6.452439532186478033e-01 -1.547728704931511656e-01 -9.539448678609869781e-01
6.652322324172026402e-01 -3.421590312909998932e-01 1.829543122981039383e-01 -6.499986182360385500e-01 -1.642835059284999399e-01 -9.548224884784700661e-01
6.638835340553636000e-01 -3.412322387279701497e-01 1.799216022144753679e-01 -6.375935192533869200e-01 -1.799783469787928913e-01 -9.543535850272846233e-01
6.633174577225637858e-01 -3.411365518308553946e-01 1.786009341920475890e-01 -6.315379254734617698e-01 -1.911034900525786784e-01 -9.589193223749701289e-01
6.603498435268535527e-01 -3.402802147363945262e-01 1.785984147182438642e-01 -6.310913898069105965e-01 -1.998256315835453545e-01 -9.596428624681544450e-01
6.423167537803187166e-01 -3.313511500495044393e-01 1.726323067572736736e-01 -6.082569379797856390e-01 -2.078040459466040379e-01 -9.585090071678350476e-01
6.184282365451031493e-01 -3.199084969949842483e-01 1.683429850237234682e-01 -5.915483886231316379e-01 -2.075017889574210239e-01 -9.540625600293343167e-01
5.901212381188037925e-01 -3.060802942430414508e-01 1.661497052624152093e-01 -5.820164748941208943e-01 -2.041794483852705788e-01 -9.560100314453419124e-01
5.773510909503538624e-01 -3.008482462511224420e-01 1.697793608089355200e-01 -5.926003762031858413e-01 -1.974639761589226938e-01 -9.555619048871143439e-01
5.801941721759046322e-01 -3.039008760319347191e-01 1.714889057763689939e-01 -5.963190167014587040e-01 -1.920159786238028465e-01 -9.554653049056039960e-01
5.684144805005739709e-01 -2.996013053997968467e-01 1.735972477329564834e-01 -6.002962633755436483e-01 -1.827481647167784051e-01 -9.555943768804547878e-01
5.684144805005739709e-01 -2.996013053997968467e-01 1.735972477329564834e-01 -6.002962633755436483e-01 -1.827481647167784051e-01 -9.555943768804547878e-01
5.709549023624671538e-01 -3.022199120274197681e-01 1.747025134582966821e-01 -6.025108042473060754e-01 -1.735694997862063937e-01 -9.574423006805354852e-01
5.750719926761486134e-01 -3.055778665416942763e-01 1.762536247290577562e-01 -6.057589717662029694e-01 -1.653700274036722928e-01 -9.607655035772454388e-01
5.472781567077493747e-01 -2.928483078253230065e-01 1.765802238848608874e-01 -6.043356565842189498e-01 -1.504995178654502663e-01 -9.609474893448020083e-01
5.265135948501361574e-01 -2.823656326535415317e-01 1.735951832581971166e-01 -5.914243275981360126e-01 -1.447980645262386679e-01 -9.603956394036122779e-01
5.357291909273526054e-01 -2.887807931951548168e-01 1.772162103669432109e-01 -6.031416082684533109e-01 -1.405120341864511679e-01 -9.610094080629805191e-01
5.372879972979477392e-01 -2.916053174479185106e-01 1.807680476357152177e-01 -6.105003377952286092e-01 -1.463371769043591564e-01 -9.590591247059639946e-01
5.360918168168790077e-01 -2.925512080751912491e-01 1.868659156184769854e-01 -6.246602593280822235e-01 -1.480320339079906899e-01 -9.560280181342120098e-01
5.378056474997889858e-01 -2.947911567616011697e-01 1.905545524518563738e-01 -6.294247569666668873e-01 -1.427002256945547332e-01 -9.568305320168848382e-01
5.396991123610354046e-01 -2.962048341982629895e-01 1.948722759363069601e-01 -6.330200413762363532e-01 -1.409168868549111053e-01 -9.580536257278386980e-01
5.403145703917419107e-01 -2.967625311239731611e-01 1.993600820817832686e-01 -6.372752667635490642e-01 -1.320090794795250877e-01 -9.589985802326902453e-01
5.491319707873620892e-01 -3.012332327198642967e-01 1.995755814114092974e-01 -6.316095953505412863e-01 -1.194889759603624257e-01 -9.537317352125139758e-01
5.532134494138608583e-01 -3.029819999231407879e-01 2.005909300868822243e-01 -6.305872960984142406e-01 -1.063153770787468033e-01 -9.583210990071886481e-01
5.532134494138608583e-01 -3.029819999231407879e-01 2.005909300868822243e-01 -6.305872960984142406e-01 -1.063153770787468033e-01 -9.583210990071886481e-01
5.722131499258873433e-01 -3.127668270589419874e-01 2.033810416893459538e-01 -6.374759189696869166e-01 -8.884069652865973776e-02 -9.520492282839853049e-01
5.686570325953969052e-01 -3.105254183569070014e-01 2.040355473743147297e-01 -6.392675068790377724e-01 -8.369224424011009744e-02 -9.518040525682163189e-01
5.544101455133169098e-01 -3.019994916033814647e-01 1.935507526031266801e-01 -6.057582167019338604e-01 -7.020920949047207427e-02 -9.558341320525578499e-01
5.544101455133169098e-01 -3.019994916033814647e-01 1.935507526031266801e-01 -6.057582167019338604e-01 -7.020920949047207427e-02 -9.558341320525578499e-01
5.674559725661493248e-01 -3.085818444787989945e-01 1.888979479946220341e-01 -5.909799512649217546e-01 -6.700536914720177373e-02 -9.524007354406138770e-01
5.755907906763302329e-01 -3.122382491171388774e-01 1.888550278771744251e-01 -5.898176807902040242e-01 -6.581544825831452117e-02 -9.555292062319789004e-01
5.698558952167586122e-01 -3.087108002907974491e-01 1.891919903267202663e-01 -5.905447275921513750e-01 -6.260151579668613020e-02 -9.541377762090577086e-01
5.676503534377005389e-01 -3.071930747313069143e-01 1.888409767965584518e-01 -5.890311034085856656e-01 -6.014197861999126538e-02 -9.536577467216517112e-01
5.676503534377005389e-01 -3.071930747313069143e-01 1.888409767965584518e-01 -5.890311034085856656e-01 -6.014197861999126538e-02 -9.536577467216517112e-01
5.780164807675806093e-01 -3.125503193853101380e-01 1.864497525003994960e-01 -5.809295019420629425e-01 -5.782355492427665444e-02 -9.538993792567125318e-01
5.905390619249498707e-01 -3.187509949206194793e-01 1.876096252570827461e-01 -5.838114368942384225e-01 -5.590591633835394203e-02 -9.502381197917368905e-01
5.849057859833345363e-01 -3.151457830788569892e-01 1.886455562152534460e-01 -5.859390384080548353e-01 -5.171502505083781093e-02 -9.486220429768905671e-01
5.849057859833345363e-01 -3.151457830788569892e-01 1.886455562152534460e-01 -5.859390384080548353e-01 -5.171502505083781093e-02 -9.486220429768905671e-01
5.942891105101045790e-01 -3.198676815928583883e-01 1.877174352682706993e-01 -5.819300261271698194e-01 -5.805555581123277714e-02 -9.504044727965101913e-01
5.954996225127089371e-01 -3.201133894838626426e-01 1.874204791851516172e-01 -5.811645521817916382e-01 -6.509132424815734785e-02 -9.524834764976000123e-01
5.943394491954384629e-01 -3.193157824675978973e-01 1.861512065548614203e-01 -5.766678169061955073e-01 -7.101777651400741076e-02 -9.547156884333742877e-01
5.943394491954384629e-01 -3.193157824675978973e-01 1.861512065548614203e-01 -5.766678169061955073e-01 -7.101777651400741076e-02 -9.547156884333742877e-01
5.756934411381413597e-01 -3.087246324119685692e-01 1.829602937059110479e-01 -5.663095928141184121e-01 -9.112586302760700141e-02 -9.614028809049879332e-01
5.743957705683349069e-01 -3.081730449818704254e-01 1.835437536580551976e-01 -5.675934851148277671e-01 -9.939261697001937346e-02 -9.585485304291017084e-01
5.666475018785959161e-01 -3.048323273367555264e-01 1.864013738953245458e-01 -5.764758027059262435e-01 -1.065571654072796776e-01 -9.581466193582034441e-01
5.622502925012091701e-01 -3.028409458223306761e-01 1.845893970824852293e-01 -5.712436756026622042e-01 -1.127014802890396600e-01 -9.606598060743989365e-01
5.580237321451571031e-01 -3.007888155121665741e-01 1.855019997865295645e-01 -5.746507620764439439e-01 -1.129835838015830207e-01 -9.591273988350259572e-01
5.580237321451571031e-01 -3.007888155121665741e-01 1.855019997865295645e-01 -5.746507620764439439e-01 -1.129835838015830207e-01 -9.591273988350259572e-01
5.302575710341692616e-01 -2.872406432497252027e-01 1.846065879971070245e-01 -5.738996090572964226e-01 -1.140079498024047788e-01 -9.614742615620364141e-01
5.302575710341692616e-01 -2.872406432497252027e-01 1.846065879971070245e-01 -5.738996090572964226e-01 -1.140079498024047788e-01 -9.614742615620364141e-01
5.222256380421044231e-01 -2.840008831734534001e-01 1.889078274789042222e-01 -5.878085829379504634e-01 -1.127268792014592819e-01 -9.635673317655996106e-01
5.099231902847211062e-01 -2.793732868936127933e-01 1.917554153460458710e-01 -5.970747863335017502e-01 -1.103049164504895790e-01 -9.632044642441721649e-01
5.064932894846906342e-01 -2.781283604870312121e-01 1.921721744278276633e-01 -5.965926594824858542e-01 -1.070662155608532312e-01 -9.603355313389251302e-01
5.064932894846906342e-01 -2.781283604870312121e-01 1.921721744278276633e-01 -5.965926594824858542e-01 -1.070662155608532312e-01 -9.603355313389251302e-01
5.083785777255912519e-01 -2.812656098291629325e-01 1.914141201414625293e-01 -5.957534706168255978e-01 -1.043665649976662502e-01 -9.642649063001368370e-01
5.097980611821986141e-01 -2.832459437750636244e-01 1.940025392293143747e-01 -6.032829913737953742e-01 -1.003581776647947538e-01 -9.614565338945859629e-01
5.186437794141629531e-01 -2.899469091070432381e-01 1.932555801757736558e-01 -6.016053019708849092e-01 -9.614280205031583426e-02 -9.617033149784000035e-01
5.195398584500031669e-01 -2.910122135032870982e-01 1.965563470251191769e-01 -6.097708779265759160e-01 -9.207185173999288264e-02 -9.612830328390385981e-01
5.321007352091091658e-01 -2.958212104484745919e-01 1.989596114768290569e-01 -6.135242162134035837e-01 -8.809085641788719223e-02 -9.563796063053648933e-01
5.304368047089699223e-01 -2.960627339052221974e-01 2.008433759306137434e-01 -6.169791860676974160e-01 -8.540948534646891632e-02 -9.544355212044991488e-01
5.475638862292638853e-01 -3.064231426216064147e-01 2.045087026988852974e-01 -6.189926674534590445e-01 -6.503836692425103705e-02 -9.451925290090750220e-01
5.473549894761505774e-01 -3.068407154839770667e-01 2.114504769749931956e-01 -6.260690220637231684e-01 -3.878116185318944420e-02 -9.400201115370279137e-01
5.497744056889526387e-01 -3.085933857958496063e-01 2.153173972748619602e-01 -6.289987398002730989e-01 -1.773653633595906678e-02 -9.395077628655233992e-01
5.733029454780079748e-01 -3.218071007173213260e-01 2.262161239351979103e-01 -6.539152692799782285e-01 -2.979815297051807005e-03 -9.310985392147753670e-01
5.735553997182831765e-01 -3.220463640330143984e-01 2.290969044019532386e-01 -6.551197164477053914e-01 1.549657100743109459e-02 -9.329046285872688582e-01
5.735553997182831765e-01 -3.220463640330143984e-01 2.290969044019532386e-01 -6.551197164477053914e-01 1.549657100743109459e-02 -9.329046285872688582e-01
5.744975291550532548e-01 -3.221302932580092926e-01 2.315846866666154691e-01 -6.563466609827538489e-01 3.321169235947238341e-02 -9.335336955079556187e-01
5.731402629170833096e-01 -3.215519814068977245e-01 2.320245167598236624e-01 -6.497751195247887246e-01 5.417345873775337300e-02 -9.250871876263341287e-01
5.712956014922544457e-01 -3.198150224843039902e-01 2.356515805010014619e-01 -6.527949387597752340e-01 7.804696186448562001e-02 -9.250024228531262827e-01
5.786252023802357369e-01 -3.235873930569400092e-01 2.335105857075867319e-01 -6.464915662948566011e-01 8.339896366204273270e-02 -9.206538829903977428e-01
5.769826733172844779e-01 -3.225371126708159175e-01 2.305928885909766246e-01 -6.376317530669041167e-01 9.093855355479357749e-02 -9.219321586003152991e-01
5.769826733172844779e-01 -3.225371126708159175e-01 2.305928885909766246e-01 -6.376317530669041167e-01 9.093855355479357749e-02 -9.219321586003152991e-01
5.859954449941545684e-01 -3.274787818243514725e-01 2.326413726510665470e-01 -6.428121271860671726e-01 9.626860780419836672e-02 -9.181332765053191736e-01
5.767870113799389298e-01 -3.221664681607801506e-01 2.292952368302298427e-01 -6.334156743297503223e-01 1.001541205041786842e-01 -9.193987525990878762e-01
6.020616055597569627e-01 -3.359581172769880442e-01 2.319385950088320159e-01 -6.399496048345156840e-01 1.058024865110274854e-01 -9.058316273648563399e-01
6.049802940636085369e-01 -3.376709082169304654e-01 2.366387346860253371e-01 -6.516523422366538032e-01 1.087596129537759249e-01 -9.072485072222807867e-01
6.049802940636085369e-01 -3.376709082169304654e-01 2.366387346860253371e-01 -6.516523422366538032e-01 1.087596129537759249e-01 -9.072485072222807867e-01
6.035495708519268421e-01 -3.363864515223040641e-01 2.336912317832348374e-01 -6.432747839719288319e-01 1.122963867159364471e-01 -9.049727911240259548e-01
5.926849027455634022e-01 -3.297994260969597247e-01 2.268795247773392754e-01 -6.246246444914254070e-01 1.132152801711734241e-01 -9.073239879303881539e-01
5.938195618618220539e-01 -3.301605241897709320e-01 2.270804699000509297e-01 -6.251525651553543339e-01 1.135817098619717608e-01 -9.088296275530610702e-01
5.938195618618220539e-01 -3.301605241897709320e-01 2.270804699000509297e-01 -6.251525651553543339e-01 1.135817098619717608e-01 -9.088296275530610702e-01
5.930997143784614289e-01 -3.296531075163690039e-01 2.277347506318275761e-01 -6.268000471934606077e-01 1.138437751263515069e-01 -9.106168520724555737e-01
5.930997143784614289e-01 -3.296531075163690039e-01 2.277347506318275761e-01 -6.268000471934606077e-01 1.138437751263515069e-01 -9.106168520724555737e-01
6.164298695583807497e-01 -3.421484586903917879e-01 2.286507018239057054e-01 -6.282797690733461504e-01 1.148504692624962853e-01 -9.125557708380217514e-01
6.094459341636804250e-01 -3.384189462696814421e-01 2.289813504583263493e-01 -6.275038458402139030e-01 1.153136671541846042e-01 -9.140817608300548791e-01
5.958307052272021620e-01 -3.306397750162070048e-01 2.286664230767378458e-01 -6.264054278840238688e-01 1.162196213074041945e-01 -9.205518667893125562e-01
5.992101844495417717e-01 -3.325736411396127967e-01 2.282447898202105419e-01 -6.259928186290401042e-01 1.137364147309503637e-01 -9.232491120038276433e-01
6.001567721605547412e-01 -3.329981750207496316e-01 2.280354485937227116e-01 -6.263511050642381894e-01 1.080672743565592592e-01 -9.242605926213605105e-01
5.991112755556782243e-01 -3.326588794042477648e-01 2.231293973542706754e-01 -6.160908493241599171e-01 8.886595804645476548e-02 -9.326122991060188383e-01
5.762227275130826776e-01 -3.201812246183213806e-01 2.169933418376701617e-01 -6.025541321266879580e-01 7.110883886808483378e-02 -9.475981781695885786e-01
5.804678896645918407e-01 -3.226194783076880568e-01 2.144290644498054454e-01 -5.995024093460278314e-01 4.904097858528889964e-02 -9.517193231413823007e-01
5.804678896645918407e-01 -3.226194783076880568e-01 2.144290644498054454e-01 -5.995024093460278314e-01 4.904097858528889964e-02 -9.517193231413823007e-01
5.796619175768955579e-01 -3.218772188192749462e-01 2.072881587145038729e-01 -5.912781401047519925e-01 -9.457871636679692981e-03 -9.594243152563280974e-01
5.796619175768955579e-01 -3.218772188192749462e-01 2.072881587145038729e-01 -5.912781401047519925e-01 -9.457871636679692981e-03 -9.594243152563280974e-01
5.931629444229082893e-01 -3.291465768347060505e-01 1.983593509070333827e-01 -5.819836904830316682e-01 -7.259416477439063764e-02 -9.653770045123400978e-01
5.748928322982403971e-01 -3.188705087378582714e-01 1.923369518715771220e-01 -5.772211147693865341e-01 -1.090370806895269579e-01 -9.664461185529762410e-01
5.546490511664935452e-01 -3.075648241640205338e-01 1.874728536086901487e-01 -5.772291463561413094e-01 -1.514743994892241707e-01 -9.665432036280389161e-01
5.345942160655520192e-01 -2.964690059504377917e-01 1.837923616993001608e-01 -5.809289090611369222e-01 -1.874815512397984829e-01 -9.639199470208132947e-01
5.338109012002072440e-01 -2.961839036466189512e-01 1.818193243405912540e-01 -5.865324632297245211e-01 -2.108452484169730523e-01 -9.572893557298651768e-01
5.245722527633929211e-01 -2.913679970555483334e-01 1.798263795287363132e-01 -5.902523235357645115e-01 -2.366071043205990876e-01 -9.539979748874600762e-01
5.221693926660623264e-01 -2.899697072649077279e-01 1.774862723891013905e-01 -5.915762740572529932e-01 -2.519780161038081001e-01 -9.493611339152152606e-01
5.221693926660623264e-01 -2.899697072649077279e-01 1.774862723891013905e-01 -5.915762740572529932e-01 -2.519780161038081001e-01 -9.493611339152152606e-01
5.242092273084371090e-01 -2.915666490367961328e-01 1.764236895447037212e-01 -5.950582334468516033e-01 -2.603709858864053928e-01 -9.452127897411707336e-01
5.390590158981751756e-01 -3.001944312336967124e-01 1.753243602830723835e-01 -6.050182957924931104e-01 -2.816104639367494333e-01 -9.507532822474979994e-01
5.158578575761075813e-01 -2.879318049687945025e-01 1.718291603456458816e-01 -5.957286763996889611e-01 -2.799921314174039222e-01 -9.508333590302577853e-01
5.170798239990432865e-01 -2.898237549366574628e-01 1.717662345601241869e-01 -5.986623313547935199e-01 -2.752461726301709266e-01 -9.514150019165519279e-01
5.170798239990432865e-01 -2.898237549366574628e-01 1.717662345601241869e-01 -5.986623313547935199e-01 -2.752461726301709266e-01 -9.514150019165519279e-01
5.102025973073661680e-01 -2.865713399294565478e-01 1.720836711961745702e-01 -6.006442897916914880e-01 -2.670407160035351835e-01 -9.482922441657442025e-01
5.096888855646567462e-01 -2.889147130500719363e-01 1.739843348726944905e-01 -6.148376483532378423e-01 -2.515758353853449480e-01 -9.450604685897363577e-01
5.105068601365034819e-01 -2.893964836811117047e-01 1.760507061893110126e-01 -6.207252424487939013e-01 -2.418757733507609642e-01 -9.462644877822311562e-01
5.122508976637941691e-01 -2.912401225902355728e-01 1.764960607029098794e-01 -6.224794732343250647e-01 -2.319747621765223811e-01 -9.492452605350366612e-01
5.113350267084103562e-01 -2.908823433845289519e-01 1.786311648755024017e-01 -6.302936330184338853e-01 -2.263723433209875457e-01 -9.478598504532292912e-01
5.014290451525876824e-01 -2.858267638790249476e-01 1.770313803077163406e-01 -6.271411056717229870e-01 -2.229284334876922846e-01 -9.436031825407811269e-01
4.952323055768970694e-01 -2.825660266978249902e-01 1.770903057753809018e-01 -6.273916362412098602e-01 -2.200662489196671401e-01 -9.395185545234027158e-01
5.182155820074808572e-01 -2.957204092376093385e-01 1.803575101024875726e-01 -6.368571168219180345e-01 -2.118278159240750413e-01 -9.335939378802564637e-01
5.143751482651331974e-01 -2.933426106062796412e-01 1.823473355053328582e-01 -6.427166753917051834e-01 -2.057536156759374180e-01 -9.310232347583746737e-01
5.143751482651331974e-01 -2.933426106062796412e-01 1.823473355053328582e-01 -6.427166753917051834e-01 -2.057536156759374180e-01 -9.310232347583746737e-01
