6.488454948745485673e-01 1.077084031580384932e-01 1.345485946294718849e-01 -6.953560621065666414e-01 2.588533884931605925e-02 -9.935021710079713353e-01
6.504454077729818762e-01 1.078780776251066220e-01 1.307417440670007869e-01 -6.758698812895886920e-01 2.524459258117611737e-02 -9.886506614711439989e-01
6.424378837354737248e-01 1.059040969956266537e-01 1.279913029903256283e-01 -6.617932269643983512e-01 2.356049636982027184e-02 -9.856664572285590564e-01
6.395519014629763577e-01 1.053012417367543557e-01 1.244265808024575121e-01 -6.433232845621810192e-01 2.220461827846963165e-02 -9.813577027473936454e-01
6.041646218007735714e-01 9.884010719547160762e-02 1.238302574735222206e-01 -6.400999334742962787e-01 2.094214737408430643e-02 -9.806670402730731650e-01
5.966288181288693648e-01 9.751690899700886372e-02 1.238051838102188634e-01 -6.399100582219344746e-01 2.042933192081009680e-02 -9.799075383256486971e-01
5.941634078712475509e-01 9.677619032830660217e-02 1.231455904065399537e-01 -6.364909144936795604e-01 1.965204022508867943e-02 -9.768729198651474599e-01
5.871519103400678619e-01 9.562069241821051502e-02 1.222974813718217951e-01 -6.319112815846514852e-01 1.911070349311101355e-02 -9.725756148519165700e-01
5.865414171449161440e-01 9.524869404218942737e-02 1.199206369556045232e-01 -6.191587642624354348e-01 1.831178103378340583e-02 -9.673360776044358511e-01
5.816327339463376322e-01 9.435244708923973267e-02 1.145137295642085634e-01 -5.911598543552449847e-01 1.759842112668513758e-02 -9.630158758556408571e-01
5.825502355156156886e-01 9.435302796175722151e-02 1.124458742603115097e-01 -5.803998772118150740e-01 1.747442471254653101e-02 -9.607712180799644619e-01
5.776104208683996433e-01 9.347672162022577225e-02 1.127965441084566867e-01 -5.816811543226205750e-01 1.641576443816116296e-02 -9.624571223304774215e-01
5.766625630498615207e-01 9.291107197707491883e-02 1.125524741528762807e-01 -5.800253971832872724e-01 1.615565300270667068e-02 -9.635031774204112498e-01
5.695849880360808193e-01 9.153703611135662055e-02 1.124581513000223743e-01 -5.792244379593280978e-01 1.533469959756108073e-02 -9.644326887892651357e-01
5.699673386835357736e-01 9.155431184576139081e-02 1.126397265115240964e-01 -5.800437475582845837e-01 1.490718249587477152e-02 -9.652504998165150063e-01
5.631342092610538419e-01 9.043606638855554436e-02 1.087177449520821820e-01 -5.596084121933612154e-01 1.449779943606497104e-02 -9.603298907350003022e-01
5.574617732916897772e-01 8.946185658431321519e-02 1.086419386705906875e-01 -5.593600613918235931e-01 1.434505241397805025e-02 -9.632080738931467767e-01
5.564770184925958985e-01 8.920294481196884562e-02 1.088135193166523129e-01 -5.600649286396277571e-01 1.380090873319337469e-02 -9.620913173067836555e-01
5.516454299356001734e-01 8.847022942750405738e-02 1.071223998261671556e-01 -5.512180042653984646e-01 1.370240224802052841e-02 -9.633503159029248586e-01
5.505827585392251144e-01 8.822716714675915561e-02 1.075665627875148356e-01 -5.534475073320749283e-01 1.343736357743631135e-02 -9.638231597284157015e-01
5.465401147240387392e-01 8.722301805978809053e-02 1.057951114728768599e-01 -5.439697518800197251e-01 1.270298388631268573e-02 -9.625847428035949616e-01
5.441788223773711408e-01 8.688136870959362046e-02 1.057109305490953610e-01 -5.432818405266229833e-01 1.238846777401788300e-02 -9.594631236891248971e-01
5.482069817499070075e-01 8.751464811619880102e-02 1.057054201236060087e-01 -5.428240230728150761e-01 1.175837501024852572e-02 -9.638743405678296128e-01
5.467778927063409178e-01 8.729023860601457796e-02 1.061301860446927509e-01 -5.451112872095785766e-01 1.120453005363957963e-02 -9.623204630858925857e-01
5.232992879912016226e-01 8.350452886288557697e-02 1.055796884776336875e-01 -5.417441010558144976e-01 1.068727593524005856e-02 -9.610463064639572783e-01
5.277328630614529503e-01 8.414114298370384271e-02 1.055644366009514667e-01 -5.411947817768912872e-01 9.944630558160088771e-03 -9.624521079134752410e-01
5.211213343052333302e-01 8.310779022334813249e-02 1.061547493199637843e-01 -5.434228868044093108e-01 9.083981225817803346e-03 -9.648834439749842673e-01
5.269613529365723137e-01 8.400208524566844803e-02 1.067635528961254077e-01 -5.457267488332629979e-01 8.046841956557158893e-03 -9.675465866279645555e-01
5.296803843390062161e-01 8.439506076773221899e-02 1.069866325709794008e-01 -5.463807984874237134e-01 7.531611805026279700e-03 -9.635929601908181930e-01
5.296803843390062161e-01 8.439506076773221899e-02 1.069866325709794008e-01 -5.463807984874237134e-01 7.531611805026279700e-03 -9.635929601908181930e-01
5.314876480219559163e-01 8.457944477125195482e-02 1.050830668209848801e-01 -5.357474513215723100e-01 6.589838492745817879e-03 -9.654279423239069402e-01
5.314876480219559163e-01 8.457944477125195482e-02 1.050830668209848801e-01 -5.357474513215723100e-01 6.589838492745817879e-03 -9.654279423239069402e-01
5.390646603122191127e-01 8.572100493831356915e-02 1.063201782047515642e-01 -5.406531202835184180e-01 6.593478790335109696e-03 -9.672194321138758433e-01
5.390646603122191127e-01 8.572100493831356915e-02 1.063201782047515642e-01 -5.406531202835184180e-01 6.593478790335109696e-03 -9.672194321138758433e-01
5.395163916072881483e-01 8.571968940265958792e-02 1.075552618104261143e-01 -5.466842034406284023e-01 6.372473360141329979e-03 -9.663135582036025406e-01
5.348584884326044175e-01 8.498009234997608297e-02 1.078031078849819857e-01 -5.467090814238132479e-01 5.783697527302600859e-03 -9.639501228169453650e-01
5.355387072735633414e-01 8.501655031922671080e-02 1.073437993117163231e-01 -5.438321168416536677e-01 5.252757292485101502e-03 -9.646911378389890768e-01
5.341939007530829286e-01 8.483653772925349446e-02 1.056518732726474535e-01 -5.349514622421069898e-01 5.290822247710246125e-03 -9.643015218822418300e-01
5.361657945711054696e-01 8.511875259093711066e-02 1.054727881272093520e-01 -5.338699812286801238e-01 4.755530465032191574e-03 -9.644530180646949669e-01
5.401862639873771244e-01 8.560896364621797816e-02 1.073485923646301382e-01 -5.431424982138053359e-01 4.351481457047477047e-03 -9.633904238089774363e-01
5.401862639873771244e-01 8.560896364621797816e-02 1.073485923646301382e-01 -5.431424982138053359e-01 4.351481457047477047e-03 -9.633904238089774363e-01
5.453103036480967392e-01 8.641461841195430260e-02 1.079050704822560186e-01 -5.454226556772407974e-01 4.348610538246897722e-03 -9.591633545665078087e-01
5.399133505256590304e-01 8.553934619369484016e-02 1.081639270295464139e-01 -5.461995983936258625e-01 4.212735030676941460e-03 -9.574846370794117822e-01
5.278395118431070676e-01 8.349725832140383885e-02 1.082372543106068369e-01 -5.467077056085034581e-01 4.483985046167141518e-03 -9.595611006777977625e-01
5.387674192382182481e-01 8.530825835871351515e-02 1.117708923310521685e-01 -5.640255039884317645e-01 4.109559459748293730e-03 -9.596502716246523290e-01
5.459622035374314120e-01 8.618708416729957411e-02 1.132399766046521539e-01 -5.708693937837173715e-01 4.285800815604419271e-03 -9.570488573903750407e-01
5.381992980677461347e-01 8.474108929194630602e-02 1.086264185239089741e-01 -5.473502085145495188e-01 4.614823625503361448e-03 -9.572841544602569419e-01
5.413327804031480284e-01 8.504752209785276795e-02 1.086322049655794320e-01 -5.465218626706845884e-01 5.249881636800617091e-03 -9.572096207317363215e-01
5.323593464903415562e-01 8.348868222844414710e-02 1.089925019163367204e-01 -5.479122751286279458e-01 5.900178333570088064e-03 -9.594952998977794856e-01
5.323525990434337940e-01 8.347559634821093144e-02 1.093874696494545884e-01 -5.497325808824904403e-01 6.216116558947028248e-03 -9.583019815502209493e-01
5.241532384702618508e-01 8.206106775266314157e-02 1.094374650481848288e-01 -5.497064276032752606e-01 6.440823646760976406e-03 -9.607223249257799136e-01
5.287286395621410007e-01 8.262598681597260741e-02 1.098416619414901707e-01 -5.514103124204386974e-01 6.880904296751711932e-03 -9.625191320875847723e-01
5.337323355913538014e-01 8.344570596563309628e-02 1.089705784428099816e-01 -5.469365754183468376e-01 7.107226888649526703e-03 -9.587897793705161265e-01
5.411293022063500269e-01 8.439691458282433389e-02 1.104001074165082141e-01 -5.539191440860140592e-01 7.607260168913105962e-03 -9.564356197247038116e-01
5.411293022063500269e-01 8.439691458282433389e-02 1.104001074165082141e-01 -5.539191440860140592e-01 7.607260168913105962e-03 -9.564356197247038116e-01
5.418773279540884946e-01 8.449455123741678175e-02 1.096987103788370221e-01 -5.504353393626217894e-01 7.924241750115320823e-03 -9.598771254241119655e-01
5.456481692624884916e-01 8.507164139837003480e-02 1.099953905134751497e-01 -5.518880744105939540e-01 7.914850005839966715e-03 -9.615332011122010858e-01
5.304695124802257800e-01 8.272000206230988029e-02 1.109116655497433546e-01 -5.558552715725805227e-01 7.864730081403217832e-03 -9.644270467266126134e-01
5.290094087225090114e-01 8.250640481157564543e-02 1.096560170737078954e-01 -5.496469501389689150e-01 7.926668402173178002e-03 -9.663960433347325019e-01
5.362246339441257836e-01 8.357523938641484018e-02 1.120304534511050581e-01 -5.610290576160226195e-01 7.995282155271643890e-03 -9.652978909863121348e-01
5.362246339441257836e-01 8.357523938641484018e-02 1.120304534511050581e-01 -5.610290576160226195e-01 7.995282155271643890e-03 -9.652978909863121348e-01
5.280664547664113417e-01 8.235466995759808950e-02 1.089007414733862145e-01 -5.453009950640221870e-01 8.142863230722488174e-03 -9.685599857722225758e-01
5.352579929703855655e-01 8.335918952946715088e-02 1.105338274405301413e-01 -5.532938702952164833e-01 7.912262673783468023e-03 -9.652879702666276041e-01
5.394662612735173779e-01 8.394809080823829872e-02 1.091425228714151818e-01 -5.464325301181125472e-01 8.049282111708914306e-03 -9.645091578774179775e-01
5.428745103875621814e-01 8.446019613355232325e-02 1.094632027758021264e-01 -5.482183039062485941e-01 8.369939362421589119e-03 -9.662173448601307779e-01
5.428745103875621814e-01 8.446019613355232325e-02 1.094632027758021264e-01 -5.482183039062485941e-01 8.369939362421589119e-03 -9.662173448601307779e-01
5.431491380050161855e-01 8.443492317389389434e-02 1.103403866897883501e-01 -5.530867436130229020e-01 8.304222190627283048e-03 -9.662969401690668647e-01
5.460583230959816792e-01 8.487299764248895650e-02 1.106678391308831277e-01 -5.546289216601111294e-01 8.075034225855657125e-03 -9.675493697612013166e-01
5.543629450204876630e-01 8.616816318145653630e-02 1.142774137535627343e-01 -5.719512199196683522e-01 7.951765461443849672e-03 -9.674246591948068019e-01
5.516658422753748514e-01 8.557713775482657381e-02 1.141652690121086750e-01 -5.720273206665894561e-01 8.018663254952740002e-03 -9.688076903223840075e-01
5.496821755074304816e-01 8.527650919907625582e-02 1.143026013380281924e-01 -5.729004286654384437e-01 8.312737697978345858e-03 -9.692786354446389918e-01
5.526594571482433826e-01 8.571041811897513185e-02 1.145201643200279978e-01 -5.737410734759942343e-01 8.231863934101409791e-03 -9.699428420061303457e-01
5.457872241568904048e-01 8.464422343206891297e-02 1.146585466358716193e-01 -5.747103108497053636e-01 8.445135788672985741e-03 -9.705055526992620862e-01
5.457872241568904048e-01 8.464422343206891297e-02 1.146585466358716193e-01 -5.747103108497053636e-01 8.445135788672985741e-03 -9.705055526992620862e-01
5.359650839874882111e-01 8.313294700518741864e-02 1.145807701416048097e-01 -5.743940277663633909e-01 8.407477920696772300e-03 -9.710078596144110508e-01
5.357124050279039595e-01 8.308977299378657311e-02 1.147669028194914370e-01 -5.748524672415933345e-01 8.149457093752173267e-03 -9.706393532243114963e-01
5.292196864978870874e-01 8.216727687361898014e-02 1.148626366146720396e-01 -5.758858955990497908e-01 8.176381324907132375e-03 -9.716601319816953186e-01
5.372738321702731357e-01 8.336198326718299856e-02 1.159335718707615176e-01 -5.804931830583894836e-01 8.021041962128267269e-03 -9.700423221455612977e-01
5.248253906844134731e-01 8.144028003457784437e-02 1.158221717785210686e-01 -5.805930916851769208e-01 8.035547022573769765e-03 -9.702264156115470994e-01
5.311301260661700496e-01 8.239507190352109156e-02 1.154655981176220397e-01 -5.780568082684595099e-01 8.294846133670732286e-03 -9.696005211950760039e-01
5.384407260807135831e-01 8.352711050993412434e-02 1.174090822954305530e-01 -5.867160272353235673e-01 9.681877392226636778e-03 -9.686008976371082158e-01
5.395406065363329562e-01 8.364946499572445404e-02 1.169803856066494868e-01 -5.856873330476256578e-01 9.524275182653941033e-03 -9.678454798693142402e-01
5.331630661372451785e-01 8.204375435781176285e-02 1.152197337142331773e-01 -5.761479940304410352e-01 9.327352940960360536e-03 -9.678202994198550346e-01
5.344407694948789533e-01 8.217985740439884279e-02 1.169531686447699975e-01 -5.842141425972671165e-01 8.962705492093332726e-03 -9.700918838456931148e-01
5.284506032138240883e-01 8.128276886269966695e-02 1.168568134812412174e-01 -5.841407958601422257e-01 9.212770392799531083e-03 -9.708790425708246907e-01
5.284506032138240883e-01 8.128276886269966695e-02 1.168568134812412174e-01 -5.841407958601422257e-01 9.212770392799531083e-03 -9.708790425708246907e-01
5.347197226040718565e-01 8.215905037306424352e-02 1.182983730474426592e-01 -5.909233692555629913e-01 8.955204368915187924e-03 -9.704733037274900775e-01
5.421021955019106331e-01 8.249744216557822196e-02 1.197150987076218837e-01 -5.982848653180433685e-01 1.010784472848116726e-02 -9.719046698841620202e-01
5.365069789083507512e-01 8.161459649213700929e-02 1.205851546571301697e-01 -6.026871357790599681e-01 1.030270160912523728e-02 -9.745523379290770283e-01
5.405822824992403408e-01 8.200199688203763104e-02 1.216846711800631115e-01 -6.082735756493701240e-01 1.007612630170130405e-02 -9.751334461061312853e-01
5.397685743420921334e-01 8.117579324767040805e-02 1.215200748824723370e-01 -6.085441201503338782e-01 1.189201734184242541e-02 -9.755928769614206075e-01
5.270868250869177318e-01 7.918027300523064471e-02 1.216587411333725499e-01 -6.085590606441390049e-01 1.235210832229228194e-02 -9.755616379536417027e-01
5.327281207672374119e-01 7.998442136147558557e-02 1.213896516362549388e-01 -6.067882714785295395e-01 1.212663900187448476e-02 -9.750367874698457893e-01
5.256787344045246169e-01 7.855186867774939519e-02 1.142307682984918665e-01 -5.686150495228455837e-01 1.173023644108583952e-02 -9.720937238428217775e-01
5.223957201211624213e-01 7.773613010819334368e-02 1.146322708615674923e-01 -5.694718134719221059e-01 1.225334172349399307e-02 -9.717610436095003301e-01
5.249785150991586047e-01 7.809077280435949842e-02 1.134375843119168614e-01 -5.612205721458866092e-01 1.369215391314792390e-02 -9.703416154904187518e-01
5.258482197196703289e-01 7.834820184538725252e-02 1.120392465032600399e-01 -5.539362194186903121e-01 1.396930814843852509e-02 -9.705943125355774859e-01
5.258482197196703289e-01 7.834820184538725252e-02 1.120392465032600399e-01 -5.539362194186903121e-01 1.396930814843852509e-02 -9.705943125355774859e-01
5.277563595394123563e-01 7.861157331691098760e-02 1.133578936903651552e-01 -5.586949080940486478e-01 1.371002308859659360e-02 -9.692754356450734576e-01
5.283089464070747088e-01 7.880374989783195394e-02 1.132072981980898341e-01 -5.575652458826344526e-01 1.460494011325738813e-02 -9.697046043220072242e-01
5.281573423858720862e-01 7.870214169413349004e-02 1.110678752263482144e-01 -5.442983935175303989e-01 1.573635731315251723e-02 -9.649920792400528136e-01
5.232961529282816882e-01 7.801773224980954047e-02 1.083829255929666807e-01 -5.312484757111097800e-01 1.596487657716688657e-02 -9.664016879673906768e-01
5.232961529282816882e-01 7.801773224980954047e-02 1.083829255929666807e-01 -5.312484757111097800e-01 1.596487657716688657e-02 -9.664016879673906768e-01
5.242195760328192122e-01 7.809848706969110821e-02 1.084500292024840468e-01 -5.305240363564903694e-01 1.699930339022311804e-02 -9.676454931630550371e-01
5.195855872119110597e-01 7.743224948891228032e-02 1.060505288709976818e-01 -5.178077492078121402e-01 1.703710552509347942e-02 -9.660736887597305422e-01
5.191936824411246265e-01 7.731566775284452742e-02 1.068644312156723925e-01 -5.215885456930716702e-01 1.718561615220256036e-02 -9.665255157758340099e-01
5.192973183730409392e-01 7.732537106376666247e-02 1.064104158038004094e-01 -5.187180382612535112e-01 1.773847467408288733e-02 -9.690971603475915241e-01
5.208221762804743360e-01 7.727593548274058755e-02 1.065568538529784864e-01 -5.178607490108374511e-01 1.947821405445099990e-02 -9.697328223369359179e-01
5.169650443372029169e-01 7.666749595456275046e-02 1.076113089384621302e-01 -5.206379280228564665e-01 2.092620900381341256e-02 -9.719042057913374055e-01
5.169650443372029169e-01 7.666749595456275046e-02 1.076113089384621302e-01 -5.206379280228564665e-01 2.092620900381341256e-02 -9.719042057913374055e-01
5.084581376219561299e-01 7.537266033691300549e-02 1.078307211122359749e-01 -5.215192011546230244e-01 2.091927241762062822e-02 -9.723989732122185758e-01
5.106258151868110495e-01 7.561972073408008976e-02 1.090196201674996229e-01 -5.269904834543124306e-01 2.191033613526362223e-02 -9.729135242660446048e-01
5.125041170415801650e-01 7.596440096383338947e-02 1.095421013788043380e-01 -5.283926753855190395e-01 2.507853181642069607e-02 -9.731027304383136345e-01
5.165083643596826146e-01 7.637179624891207719e-02 1.107852119979609445e-01 -5.334572739586501688e-01 2.584059507270402081e-02 -9.667084272021839730e-01
5.144175110886873847e-01 7.587888400917069953e-02 1.110216356453715136e-01 -5.343320672590748943e-01 2.765600858942384582e-02 -9.672612175850668903e-01
5.200360032470663363e-01 7.643472677559179362e-02 1.157501961303608745e-01 -5.541971398005153260e-01 2.995889477887552985e-02 -9.709158691276235098e-01
5.200360032470663363e-01 7.643472677559179362e-02 1.157501961303608745e-01 -5.541971398005153260e-01 2.995889477887552985e-02 -9.709158691276235098e-01
5.245838236441954239e-01 7.675801815821446661e-02 1.158837924403899738e-01 -5.515758716883779611e-01 3.081708043737641303e-02 -9.695509957779603338e-01
5.245838236441954239e-01 7.675801815821446661e-02 1.158837924403899738e-01 -5.515758716883779611e-01 3.081708043737641303e-02 -9.695509957779603338e-01
5.323245809102546966e-01 7.781290400190336853e-02 1.188003683790910536e-01 -5.655589847876771881e-01 3.419245095279413449e-02 -9.722282665919279587e-01
5.323245809102546966e-01 7.781290400190336853e-02 1.188003683790910536e-01 -5.655589847876771881e-01 3.419245095279413449e-02 -9.722282665919279587e-01
5.425919690999172484e-01 7.919739669255951298e-02 1.224408985513781856e-01 -5.821854133272048593e-01 3.613118143387663433e-02 -9.724750261193710887e-01
5.502016174051651554e-01 8.027423613891783438e-02 1.246366142658467679e-01 -5.921445466149658499e-01 3.688558397775150433e-02 -9.713755462498546711e-01
5.550960060003424790e-01 8.083349764927741377e-02 1.267288987198787464e-01 -6.006163455516478900e-01 3.894127748632270070e-02 -9.722182066027973413e-01
5.577515528404834999e-01 8.094010028170950388e-02 1.278983366895358742e-01 -6.060759125715591278e-01 4.124772194944717474e-02 -9.727197062739443290e-01
5.586567088220247834e-01 8.099556225388498953e-02 1.281442395437699111e-01 -6.069160858837501227e-01 4.086689812141422462e-02 -9.732418830438893664e-01
5.586567088220247834e-01 8.099556225388498953e-02 1.281442395437699111e-01 -6.069160858837501227e-01 4.086689812141422462e-02 -9.732418830438893664e-01
5.543231660281954243e-01 8.009557150848743701e-02 1.220155578589134232e-01 -5.766987585997598309e-01 4.070054836730294112e-02 -9.664852930283815979e-01
5.496880456723923780e-01 7.937313506964499554e-02 1.219244518801263222e-01 -5.775012485740538271e-01 4.023888713818828816e-02 -9.671910163612238431e-01
5.396229743683640390e-01 7.772697679156491402e-02 1.223138784008302310e-01 -5.784218914473121531e-01 4.048069244393164012e-02 -9.683753630666931400e-01
5.407355120797256998e-01 7.790688882216212363e-02 1.205494252813227862e-01 -5.693541443466659802e-01 4.065128684784361651e-02 -9.668387171275704128e-01
5.355131691565112595e-01 7.707901052973073486e-02 1.151059353444606331e-01 -5.435303831484862291e-01 3.982115164895850407e-02 -9.626586497084702598e-01
5.347845071063066502e-01 7.686319757095545768e-02 1.156134637475234594e-01 -5.456212179255746086e-01 4.044457499505411946e-02 -9.625627204996929365e-01
5.342934291937806446e-01 7.677800553160657460e-02 1.159652730604354837e-01 -5.474977113473268320e-01 4.075648319456577628e-02 -9.629325876729006861e-01
5.368476274450415531e-01 7.712719020203012699e-02 1.166853620308545419e-01 -5.499316345924178950e-01 4.125181293567145580e-02 -9.601747835105217677e-01
5.382743340740997473e-01 7.716944700137470803e-02 1.181623752057007759e-01 -5.561815215929848399e-01 4.191748377717000040e-02 -9.613127732955883964e-01
5.382743340740997473e-01 7.716944700137470803e-02 1.181623752057007759e-01 -5.561815215929848399e-01 4.191748377717000040e-02 -9.613127732955883964e-01
5.214474524226450081e-01 7.475990110638419672e-02 1.118978821112060207e-01 -5.257677635549022899e-01 4.174634647218489203e-02 -9.604950479741781733e-01
5.194560602688101936e-01 7.460353425468208011e-02 1.122353270751128285e-01 -5.272512996591215417e-01 4.304369780919172633e-02 -9.618485844431130527e-01
5.274302487902676750e-01 7.582569342332143303e-02 1.158449013648908260e-01 -5.439483550787944655e-01 4.412101945303289335e-02 -9.630888969279407519e-01
5.274302487902676750e-01 7.582569342332143303e-02 1.158449013648908260e-01 -5.439483550787944655e-01 4.412101945303289335e-02 -9.630888969279407519e-01
5.401038524271666308e-01 7.761119712802552750e-02 1.209307221298739632e-01 -5.677613283105400477e-01 4.436511576390084893e-02 -9.667976095129507952e-01
5.426337686980386987e-01 7.770854455258552340e-02 1.223604358663476638e-01 -5.734807186603264606e-01 4.538576796839692562e-02 -9.670095455988783062e-01
5.383326933981160689e-01 7.703568198411960000e-02 1.204794019217085149e-01 -5.642509435980891386e-01 4.445293484167039261e-02 -9.677053970354860812e-01
5.396416097661885791e-01 7.682168694131610853e-02 1.195654110786109059e-01 -5.592402503051649987e-01 4.617364224686389129e-02 -9.671771564041354852e-01
5.396416097661885791e-01 7.682168694131610853e-02 1.195654110786109059e-01 -5.592402503051649987e-01 4.617364224686389129e-02 -9.671771564041354852e-01
5.357227104590573941e-01 7.620527767698803689e-02 1.201698685791943305e-01 -5.610224756692768766e-01 4.625133116688980028e-02 -9.678928298643831862e-01
5.343220686416716436e-01 7.600525527293390537e-02 1.180670854119699603e-01 -5.512587151884341674e-01 4.624995748733678330e-02 -9.696011215034481268e-01
5.311669173172335334e-01 7.544564189715870228e-02 1.186365700730286216e-01 -5.539495495424191507e-01 4.682316515468196161e-02 -9.695602057815603247e-01
5.328209497069998912e-01 7.563450488661424553e-02 1.187471570218285172e-01 -5.537401622715834026e-01 4.636186331871330890e-02 -9.698678433768512797e-01
5.319074802743302133e-01 7.556533462295471348e-02 1.173080124117901885e-01 -5.469742191368400785e-01 4.633216862517048479e-02 -9.705244957397103356e-01
5.319074802743302133e-01 7.556533462295471348e-02 1.173080124117901885e-01 -5.469742191368400785e-01 4.633216862517048479e-02 -9.705244957397103356e-01
5.336741699386277071e-01 7.574973542335959598e-02 1.191355786833570157e-01 -5.558059231370048314e-01 4.640592879228687406e-02 -9.729307145265176926e-01
5.294283613576473702e-01 7.520500198378722578e-02 1.169465167443502207e-01 -5.455990288245555764e-01 4.640007374529664386e-02 -9.732723238274172406e-01
5.174124453777293464e-01 7.361710661533790723e-02 1.140996639344555585e-01 -5.319631897667218556e-01 4.569634391005771706e-02 -9.718829888570897912e-01
5.194605053845491316e-01 7.386843026433947967e-02 1.144825704881423378e-01 -5.336661728942402316e-01 4.530309556596160553e-02 -9.704429707688235762e-01
5.152938869298151481e-01 7.319968092511168478e-02 1.152925123399684282e-01 -5.375861025340563648e-01 4.531874106990308598e-02 -9.717296156931128914e-01
5.152938869298151481e-01 7.319968092511168478e-02 1.152925123399684282e-01 -5.375861025340563648e-01 4.531874106990308598e-02 -9.717296156931128914e-01
5.288628739525284006e-01 7.509692144340854303e-02 1.227687976733431718e-01 -5.714318828598858868e-01 4.608404946232157184e-02 -9.787134339436849295e-01
5.279578980722781090e-01 7.502322524595712860e-02 1.225269952934994189e-01 -5.701706078453705473e-01 4.614417137726016527e-02 -9.786816362656591828e-01
5.268289665552179368e-01 7.488644612214599705e-02 1.240283577413446442e-01 -5.770803872858353278e-01 4.671761054825024351e-02 -9.765764665709188996e-01
5.268289665552179368e-01 7.488644612214599705e-02 1.240283577413446442e-01 -5.770803872858353278e-01 4.671761054825024351e-02 -9.765764665709188996e-01
5.293151496393225797e-01 7.524593828065954948e-02 1.237351510971749641e-01 -5.754438547811571159e-01 4.699990016584960212e-02 -9.760204181499875231e-01
5.283654152155236039e-01 7.501258456658149720e-02 1.238029723523620673e-01 -5.754589081882525159e-01 4.772502322491682658e-02 -9.754443644289022552e-01
5.334453497757034590e-01 7.575720919964243349e-02 1.252798365804164427e-01 -5.817077207833127872e-01 4.795455025319786402e-02 -9.744331463143179883e-01
5.343147614756050823e-01 7.589201236392176253e-02 1.257196913215132272e-01 -5.834693632169158928e-01 4.764370180771670266e-02 -9.744879812480422565e-01
5.353597589725156425e-01 7.582950248923996106e-02 1.266285916730962580e-01 -5.875525816826883130e-01 4.859638005474352374e-02 -9.755093707484194798e-01
5.390469556053864020e-01 7.634190665291082367e-02 1.281019147330061669e-01 -5.943339564993932456e-01 4.859944512979907927e-02 -9.771000840644930019e-01
5.400445622314493654e-01 7.654910315720633851e-02 1.298278464075757199e-01 -6.023363980880358515e-01 4.960254338938531460e-02 -9.795852344314387450e-01
5.448637820081501104e-01 7.720352519393554325e-02 1.310658738000382573e-01 -6.077970196644922884e-01 4.922317254805646386e-02 -9.777301290702760106e-01
5.463873326505239714e-01 7.751341066967840088e-02 1.294217069135954190e-01 -6.003539225826326486e-01 4.960574289465541353e-02 -9.774779428750310917e-01
5.496001113477386735e-01 7.794830405899376424e-02 1.317450516283448225e-01 -6.115751698673569381e-01 4.938777578689734077e-02 -9.779119193235527030e-01
5.471216780861771767e-01 7.758135945863052496e-02 1.317868159188581023e-01 -6.117000013187453566e-01 5.003339832862947756e-02 -9.782251366317290531e-01
5.473581414614662188e-01 7.754277114612567745e-02 1.320860778016116899e-01 -6.129277569140076931e-01 4.984099675112368955e-02 -9.781038897471643345e-01
5.465454144689304572e-01 7.747966372828511694e-02 1.288824188750090360e-01 -5.982381475056577358e-01 4.974930170316446687e-02 -9.770492788764216785e-01
5.465454144689304572e-01 7.747966372828511694e-02 1.288824188750090360e-01 -5.982381475056577358e-01 4.974930170316446687e-02 -9.770492788764216785e-01
5.488284515981363132e-01 7.770577065991210453e-02 1.301560411198734446e-01 -6.038173972238156662e-01 4.917666794349959819e-02 -9.762790470564217671e-01
5.492703372244984728e-01 7.782269809425558516e-02 1.293989381238005443e-01 -6.003867361797174951e-01 4.916292257513493746e-02 -9.769566214073721611e-01
5.607710742039568874e-01 7.933903116140129941e-02 1.335364210886107461e-01 -6.197991842541825669e-01 4.880531899941793067e-02 -9.786728302033923521e-01
5.564514890351482945e-01 7.865903417755888694e-02 1.303393064981501759e-01 -6.048770798189720965e-01 4.875732025844826262e-02 -9.779473764984518702e-01
5.574424854347530545e-01 7.877111276618210811e-02 1.306313980432614041e-01 -6.061037165595374310e-01 4.798015559071004688e-02 -9.782335033564517612e-01
5.588270615647780160e-01 7.907975560904777212e-02 1.309860936479025073e-01 -6.079890771271732053e-01 4.784622071513246200e-02 -9.806261585781380630e-01
5.585297680660595843e-01 7.905547629878863225e-02 1.309858032255489801e-01 -6.080989121537141440e-01 4.750273423236193310e-02 -9.809408058231415817e-01
5.572418141405381942e-01 7.893132496377687490e-02 1.311577135601458555e-01 -6.091978133035979015e-01 4.700978940778852838e-02 -9.815800037731156058e-01
5.580521452354537670e-01 7.923911754033839683e-02 1.318512793407619899e-01 -6.133473257573247572e-01 4.033268455467725611e-02 -9.843582337625365053e-01
5.588366114030975940e-01 7.935135659899104910e-02 1.320063695575506291e-01 -6.149418194174905983e-01 3.175188992896219031e-02 -9.852647286324691667e-01
5.619607247452798049e-01 7.988618685193094038e-02 1.329318292102935894e-01 -6.213012964269173377e-01 1.871924101355502273e-02 -9.890437844780792798e-01
5.621205750112888699e-01 8.019396110361746988e-02 1.323044404547857877e-01 -6.220291325601349230e-01 8.907959384213906149e-04 -9.899053377826930733e-01
5.635020197897514516e-01 8.041634692119140060e-02 1.291184210126772591e-01 -6.127212736541429727e-01 -3.349533755169466914e-02 -9.888003451690573486e-01
5.603526855867956291e-01 7.983342670841159228e-02 1.271161158868723551e-01 -6.080761566276272623e-01 -6.191380497584464404e-02 -9.889764034720980312e-01
5.604514227893581113e-01 7.982999709904740893e-02 1.256996881174604064e-01 -6.080119481510013468e-01 -9.504008349342549233e-02 -9.862870317392151698e-01
5.604514227893581113e-01 7.982999709904740893e-02 1.256996881174604064e-01 -6.080119481510013468e-01 -9.504008349342549233e-02 -9.862870317392151698e-01
5.592423133323981554e-01 7.979443279960110602e-02 1.244758054826435173e-01 -6.130332485640999085e-01 -1.297707554490488413e-01 -9.853354284889610515e-01
5.606888429785567007e-01 7.997746642670905404e-02 1.225496874207987752e-01 -6.127335512557353647e-01 -1.635065926789335544e-01 -9.800570143888860386e-01
5.638293343917396561e-01 8.085142253388963307e-02 1.179763351112963349e-01 -6.133007135772784446e-01 -2.188137048181442723e-01 -9.692828054768143353e-01
5.638293343917396561e-01 8.085142253388963307e-02 1.179763351112963349e-01 -6.133007135772784446e-01 -2.188137048181442723e-01 -9.692828054768143353e-01
5.646375467996599395e-01 8.114592064791441295e-02 1.138007197701993989e-01 -6.094247539306224537e-01 -2.472030500541269882e-01 -9.640822680395277899e-01
5.638773246633147496e-01 8.075985493383287805e-02 1.088514471562846281e-01 -6.162690359458518063e-01 -2.878953226022494261e-01 -9.552537017938798058e-01
5.685869003763988072e-01 8.176974465731265407e-02 1.058137655793966320e-01 -6.165676186466810815e-01 -3.083534751610788605e-01 -9.489303198317378119e-01
5.687816766654436584e-01 8.174553448748772544e-02 1.029686321896305240e-01 -6.178677676351753689e-01 -3.258832854075855989e-01 -9.436866800837411251e-01
5.638236973912237326e-01 8.103344130913228693e-02 9.798057489751221816e-02 -6.040058773400197589e-01 -3.392662960713898612e-01 -9.387180362003257894e-01
5.638236973912237326e-01 8.103344130913228693e-02 9.798057489751221816e-02 -6.040058773400197589e-01 -3.392662960713898612e-01 -9.387180362003257894e-01
5.638244902267469660e-01 8.092290309440032525e-02 9.533463316061621673e-02 -6.042846968535069418e-01 -3.498837236593356215e-01 -9.348840432982881143e-01
5.636898215174130922e-01 8.098536935124764358e-02 9.249640158841535009e-02 -6.054348025305211767e-01 -3.614503518568075724e-01 -9.307433327799704559e-01
5.593605753286007287e-01 8.032527836514004316e-02 9.144576616687608017e-02 -6.125590550103109377e-01 -3.709278629216226086e-01 -9.282570574012264375e-01
5.630065460711133341e-01 8.096883246489515462e-02 8.893726144002134237e-02 -6.140821956514741498e-01 -3.832428526447683725e-01 -9.232992280331698831e-01
5.633407225178881372e-01 8.135291040331039947e-02 8.805181181629996578e-02 -6.142961652261784700e-01 -3.865354534830481303e-01 -9.219951177142561294e-01
5.638375136173626734e-01 8.143957518126448969e-02 8.766492081125565328e-02 -6.165103873269695001e-01 -3.869879590482069309e-01 -9.218302894271297454e-01
5.647495808231226544e-01 8.160718333353422782e-02 8.692719976461760201e-02 -6.132658632373847452e-01 -3.857020925528519273e-01 -9.220396101424744861e-01
5.648687623392122381e-01 8.161641319990316223e-02 8.695218028015935796e-02 -6.144873980598114516e-01 -3.819139826096718537e-01 -9.235373357149107010e-01
5.659964333874818454e-01 8.179593262568296552e-02 8.634960689698045755e-02 -6.101569351349116488e-01 -3.763138653568995351e-01 -9.250031833727297981e-01
5.596932449989037162e-01 8.087472114514215882e-02 8.604114031111999294e-02 -6.077921163365864743e-01 -3.708441943982964673e-01 -9.270158170688963528e-01
5.591581151375202285e-01 8.095862558680043397e-02 8.603077932556094098e-02 -6.074780300134646760e-01 -3.653503596416253774e-01 -9.291177607959085760e-01
5.649056883502550086e-01 8.210987393929035372e-02 8.775002971068093793e-02 -6.188257161206303092e-01 -3.654130292529348401e-01 -9.282693362152827365e-01
5.652591245045959223e-01 8.205650499499371475e-02 8.828502678086068423e-02 -6.192572599655240539e-01 -3.588930461067419975e-01 -9.304899554817617213e-01
5.593200901262539437e-01 8.105822799193249106e-02 8.622214146233010690e-02 -5.997524202920847536e-01 -3.503508672812805091e-01 -9.310172009129495940e-01
5.544835211275974673e-01 8.037760164135172858e-02 8.658378193153168367e-02 -5.970975978924801808e-01 -3.407326339923887892e-01 -9.335049251044804652e-01
5.580618469049141162e-01 8.086609703268753113e-02 8.922730732661739161e-02 -6.089096755241691916e-01 -3.287752146062077330e-01 -9.357506899490448671e-01
5.580618469049141162e-01 8.086609703268753113e-02 8.922730732661739161e-02 -6.089096755241691916e-01 -3.287752146062077330e-01 -9.357506899490448671e-01
5.549249476299734640e-01 8.040862121160116671e-02 9.011282211898276329e-02 -6.085878438054134199e-01 -3.173993342902167725e-01 -9.387293068399060747e-01
5.517265337252108548e-01 7.983774904427765051e-02 8.892878308755135242e-02 -5.945250678875334538e-01 -2.993287690382993027e-01 -9.412125639652545450e-01
5.529640232636672259e-01 7.962450999748534042e-02 9.320836657065438569e-02 -5.991735412926565418e-01 -2.509711606593704736e-01 -9.532481136138820643e-01
5.464410045267534821e-01 7.865301302892467594e-02 9.159228189433518685e-02 -5.773008547591573780e-01 -2.266788600665361197e-01 -9.516441516985231219e-01
5.476710330113472303e-01 7.827439693666848886e-02 9.405206467105083068e-02 -5.784663228352356912e-01 -1.998203763715876158e-01 -9.565967022398024211e-01
5.539766419847430567e-01 7.917033336071499505e-02 9.611594702610211371e-02 -5.789182495038567300e-01 -1.797472334133307370e-01 -9.600732763395095626e-01
5.543949515814005080e-01 7.917642186262507931e-02 9.853288898914235039e-02 -5.813489539528898797e-01 -1.535605781164123274e-01 -9.630822228457748269e-01
5.618995293124828816e-01 8.001302873457315223e-02 1.027269870420809278e-01 -5.938779931368967091e-01 -1.282655583954958878e-01 -9.658290998015730544e-01
5.620087318119253439e-01 7.983398567410339430e-02 1.046200675936841268e-01 -5.946823567980943359e-01 -1.068114668112516014e-01 -9.682282614738361159e-01
5.615081190306348002e-01 7.933562231776102036e-02 1.067390392530727927e-01 -5.954642065844873988e-01 -8.997273248108871024e-02 -9.700485716635480760e-01
5.675962964605951733e-01 8.003234479357959619e-02 1.113922231528952089e-01 -6.114085050157075374e-01 -7.751739888103786891e-02 -9.714779101635813152e-01
5.752754328110081250e-01 8.083367219161489980e-02 1.145086744719938238e-01 -6.207321137330470417e-01 -6.866635219246990107e-02 -9.669136418490738016e-01
5.710898189211238707e-01 7.859944193918159960e-02 1.151756883479945065e-01 -6.177504967397660085e-01 -6.288174217977345049e-02 -9.681436132520423454e-01
5.710898189211238707e-01 7.859944193918159960e-02 1.151756883479945065e-01 -6.177504967397660085e-01 -6.288174217977345049e-02 -9.681436132520423454e-01
5.733120007291644393e-01 7.878208310172341022e-02 1.166184091218343682e-01 -6.213426956949490432e-01 -6.250540638594938303e-02 -9.665408046880437087e-01
5.693791965401419075e-01 7.828523424314597079e-02 1.125990440172775220e-01 -5.972032072409563241e-01 -6.216082943222164120e-02 -9.665695230514197434e-01
5.746216739093799042e-01 7.881621192727149283e-02 1.156736101443005260e-01 -6.116385177796009875e-01 -6.462444890147797660e-02 -9.732967534285281719e-01
5.745256848430573271e-01 7.885868844412059764e-02 1.166764523684686583e-01 -6.170191260926830568e-01 -7.012636951896722426e-02 -9.773237268637829933e-01
5.740822003501130366e-01 7.964402574965373516e-02 1.167789412142099109e-01 -6.201609414205629944e-01 -8.453953563900543089e-02 -9.806409394889482600e-01
5.731271177794698968e-01 8.021825227561134308e-02 1.161129897391840887e-01 -6.202424515644571201e-01 -9.991213474222634949e-02 -9.795090222610965958e-01
5.726101878089435715e-01 8.020981122675745201e-02 1.154545664811632982e-01 -6.202206664056334473e-01 -1.179758077861309956e-01 -9.785940600867498729e-01
5.753888489158451858e-01 8.110397692355501842e-02 1.143555092040283161e-01 -6.200765565727655027e-01 -1.388358351808789415e-01 -9.759970496255300221e-01
5.756321417320426903e-01 8.116893344610477679e-02 1.128843426991831822e-01 -6.193467121643194684e-01 -1.621636121720857193e-01 -9.728625206941270420e-01
5.773856029332700146e-01 8.137198044815828479e-02 1.114909624026143714e-01 -6.184568444421191247e-01 -1.828887632513784833e-01 -9.692338029929360443e-01
5.786709789729133080e-01 8.198101690743810066e-02 1.094257642230855310e-01 -6.164785428734781414e-01 -2.063991534288370233e-01 -9.655917406160412497e-01
5.786709789729133080e-01 8.198101690743810066e-02 1.094257642230855310e-01 -6.164785428734781414e-01 -2.063991534288370233e-01 -9.655917406160412497e-01
5.749955874779872911e-01 8.103790269959240677e-02 1.078424116487735618e-01 -6.172703564771792051e-01 -2.257641428049348975e-01 -9.635531840598989817e-01
5.753358861651653999e-01 8.111433551034057110e-02 1.062977712195636026e-01 -6.172603742847254660e-01 -2.469372219470384600e-01 -9.586428957676071949e-01
5.761413820798356733e-01 8.146966946635074425e-02 1.030652506770352861e-01 -6.167831793411138186e-01 -2.791062368622086454e-01 -9.505425865523309259e-01
5.751326699345009619e-01 8.164139109451618026e-02 1.010803212877942336e-01 -6.129633807780652255e-01 -2.895938734389336688e-01 -9.479209747786946361e-01
5.751326699345009619e-01 8.164139109451618026e-02 1.010803212877942336e-01 -6.129633807780652255e-01 -2.895938734389336688e-01 -9.479209747786946361e-01
5.733088819549396753e-01 8.142709776399092991e-02 1.004321585671916622e-01 -6.133861733405120420e-01 -2.982848019905390280e-01 -9.467667500382336288e-01
5.720154771499704749e-01 8.130475479618524959e-02 9.879685305257784877e-02 -6.094773100327516291e-01 -3.083056076339242835e-01 -9.439895070551220790e-01
5.736418207233774380e-01 8.155014598599905074e-02 9.824870129748947134e-02 -6.114924524490362723e-01 -3.167564695661497232e-01 -9.415873829026709663e-01
5.733039373450227183e-01 8.155858389685428922e-02 9.803984375962336573e-02 -6.116095345808703065e-01 -3.189421505598009632e-01 -9.407759364408417868e-01
5.733039373450227183e-01 8.155858389685428922e-02 9.803984375962336573e-02 -6.116095345808703065e-01 -3.189421505598009632e-01 -9.407759364408417868e-01
5.805317491590488155e-01 8.263158529479318337e-02 9.798261909771990852e-02 -6.113776120791496460e-01 -3.179849682092630303e-01 -9.410934890769022676e-01
5.790246806567582727e-01 8.252977941215831892e-02 9.679857433387496768e-02 -6.047065555058950270e-01 -3.188765842891326252e-01 -9.412070825468780155e-01
5.748491764501748591e-01 8.221150496600480861e-02 9.547488122041296321e-02 -5.956002756507587925e-01 -3.154300952948700942e-01 -9.423156572939501707e-01
5.763126212376414870e-01 8.235141366994964962e-02 9.626671575724177199e-02 -5.980109061353789945e-01 -3.126478943970792401e-01 -9.429867635470565723e-01
5.763126212376414870e-01 8.235141366994964962e-02 9.626671575724177199e-02 -5.980109061353789945e-01 -3.126478943970792401e-01 -9.429867635470565723e-01
5.763126212376414870e-01 8.235141366994964962e-02 9.626671575724177199e-02 -5.980109061353789945e-01 -3.126478943970792401e-01 -9.429867635470565723e-01
5.774636351063712203e-01 8.251550159295867326e-02 9.911543178439945201e-02 -6.092041295599688322e-01 -2.953060601203995605e-01 -9.482772762978483039e-01
5.774122582409590976e-01 8.195525816109903994e-02 9.942100053705642260e-02 -6.062447441060406783e-01 -2.797955318567533767e-01 -9.522792421967499754e-01
5.774122582409590976e-01 8.195525816109903994e-02 9.942100053705642260e-02 -6.062447441060406783e-01 -2.797955318567533767e-01 -9.522792421967499754e-01
5.755694761709682084e-01 8.170274773589895900e-02 1.002874027840062882e-01 -6.061494416136907759e-01 -2.643333651785987337e-01 -9.558792139034647528e-01
5.713365698388022107e-01 8.085137846886046586e-02 1.032096650913145175e-01 -6.120201130964546543e-01 -2.302376651927797446e-01 -9.637030714495109507e-01
5.788896286907311284e-01 8.186644502517735622e-02 1.064003944230314802e-01 -6.233753856547716854e-01 -2.098649545479715217e-01 -9.647734050580969445e-01
5.736643113163985008e-01 8.092123161913841733e-02 1.056898789204678279e-01 -6.111115710001348011e-01 -1.825970788475091144e-01 -9.668981605973258064e-01
5.763918791790668683e-01 8.102563925668922196e-02 1.123809383063969075e-01 -6.204179002893778216e-01 -1.034657014429461591e-01 -9.740748167724077033e-01
5.829556536138125189e-01 8.196740002129938862e-02 1.161809665525723317e-01 -6.278822670706909470e-01 -6.914598346665259965e-02 -9.726677394868394888e-01
5.900683682727496659e-01 8.274499131910593996e-02 1.217660668500680915e-01 -6.450392080061485567e-01 -3.677386370806584592e-02 -9.728103500282423433e-01
5.919895488382281856e-01 8.213603492587513710e-02 1.258903201484654621e-01 -6.502376167229260151e-01 -2.341952600400012269e-03 -9.735702546969898785e-01
5.959804052175745603e-01 8.234141152656800078e-02 1.293199437396929941e-01 -6.569717322991672770e-01 2.490575663463937342e-02 -9.737890728961523523e-01
5.959804052175745603e-01 8.234141152656800078e-02 1.293199437396929941e-01 -6.569717322991672770e-01 2.490575663463937342e-02 -9.737890728961523523e-01
5.953036237768645211e-01 8.222070727849843663e-02 1.309659120578287594e-01 -6.550764994647042538e-01 3.963781653433721963e-02 -9.739235525862053322e-01
5.947446081722557176e-01 8.191257345939860490e-02 1.329626633289182069e-01 -6.555466848704913918e-01 4.745106734191946452e-02 -9.718963199643024797e-01
5.911804140872434221e-01 8.120365921204801551e-02 1.309842925119709123e-01 -6.370970571185760045e-01 4.868403352890302710e-02 -9.721328308074084212e-01
5.763255704720379180e-01 7.927093638044643842e-02 1.236047350713824766e-01 -5.997928095485026700e-01 4.692103125310390782e-02 -9.739862640420735573e-01
5.590491393694639877e-01 7.760666489004817981e-02 1.180486255448720267e-01 -5.712253252208792098e-01 3.852557254359303268e-02 -9.776125424347034132e-01
5.348118380845031661e-01 7.483577819947645482e-02 1.122382658039935699e-01 -5.425465327469174426e-01 2.476025544391233235e-02 -9.757419993489175880e-01
5.323906929614526939e-01 7.456891717425911947e-02 1.119511925275479131e-01 -5.418103803894276371e-01 6.256713652664513264e-03 -9.787138506480778100e-01
5.319624120969675962e-01 7.485971952805652030e-02 1.118115194102358712e-01 -5.430903983642675348e-01 -1.997148268812178398e-02 -9.791265330050126225e-01
5.319624120969675962e-01 7.485971952805652030e-02 1.118115194102358712e-01 -5.430903983642675348e-01 -1.997148268812178398e-02 -9.791265330050126225e-01
5.305733208135714474e-01 7.485439546869350480e-02 1.114689590746561626e-01 -5.447256596793714767e-01 -5.104567758101435926e-02 -9.793783514925886724e-01
5.305733208135714474e-01 7.485439546869350480e-02 1.114689590746561626e-01 -5.447256596793714767e-01 -5.104567758101435926e-02 -9.793783514925886724e-01
5.309212180220741484e-01 7.594274335668105280e-02 1.107441147323595387e-01 -5.458240253585198154e-01 -8.003676853783921186e-02 -9.802178569718691392e-01
5.279718322248725393e-01 7.581691798191234066e-02 1.102753071502512311e-01 -5.479927819729875083e-01 -1.111060556841865776e-01 -9.786366557967240976e-01
5.177598584236242640e-01 7.442002201469630207e-02 1.085996019019963427e-01 -5.445249487528051047e-01 -1.387422379750405665e-01 -9.780427756537068973e-01
5.070707030964337614e-01 7.307662906516963763e-02 1.074008319507935433e-01 -5.427765919196794187e-01 -1.651314128569006390e-01 -9.774466532784145123e-01
5.071174686424082534e-01 7.312412794170654318e-02 1.067112869552782756e-01 -5.434953901025129097e-01 -1.881211153698007232e-01 -9.728657455748214167e-01
5.071174686424082534e-01 7.312412794170654318e-02 1.067112869552782756e-01 -5.434953901025129097e-01 -1.881211153698007232e-01 -9.728657455748214167e-01
5.053949350961900455e-01 7.365665294860056223e-02 1.061456956310284083e-01 -5.472360491456104148e-01 -2.096349019250909052e-01 -9.687411460548408515e-01
5.082105373133769533e-01 7.407895455726908052e-02 1.058850676449522993e-01 -5.495348167090338132e-01 -2.291628959155061762e-01 -9.641513427181193086e-01
5.112452937617292248e-01 7.487357031007949026e-02 1.049880489498096897e-01 -5.511390370396103133e-01 -2.467524860082452864e-01 -9.595284320409117607e-01
5.152550181583714917e-01 7.593673426689670491e-02 1.055328586561722487e-01 -5.598869808154407490e-01 -2.685489556209456619e-01 -9.558512586001146616e-01
5.023784303519360783e-01 7.424317265540629485e-02 1.007875768151352269e-01 -5.365316224241400977e-01 -2.737164241762350403e-01 -9.494336937239669094e-01
5.022054807024787237e-01 7.414003116791750836e-02 1.008198958389651539e-01 -5.372226450269996789e-01 -2.728426188113694528e-01 -9.492599032840504103e-01
5.032826075227068152e-01 7.440980559140475403e-02 1.015358723459373336e-01 -5.404054970526914747e-01 -2.729877964071331653e-01 -9.493904928720858782e-01
5.049983728448937947e-01 7.471183664070336905e-02 1.016642042160643272e-01 -5.399206005917125406e-01 -2.695293681898295879e-01 -9.503313667889765615e-01
5.116602506725580479e-01 7.572208733141512493e-02 1.063980595520170186e-01 -5.581748310830468851e-01 -2.421478497870492574e-01 -9.529540031319509996e-01
5.096597634946596900e-01 7.522037164344103077e-02 1.078790902586619499e-01 -5.588569996533279127e-01 -2.131370361107470801e-01 -9.604349864958979799e-01
5.205564468826515689e-01 7.663724557187708009e-02 1.149552893409638704e-01 -5.819543086905891727e-01 -1.747883615778035027e-01 -9.655535731791973220e-01
5.262174221891763315e-01 7.718959495449559394e-02 1.183276143169032374e-01 -5.850356377817661491e-01 -1.353553781518010701e-01 -9.665973683807690398e-01
5.389660173437204049e-01 7.904239378565344754e-02 1.244262312800942100e-01 -5.987518553977169145e-01 -8.646409073104663334e-02 -9.643971876536121535e-01
5.389660173437204049e-01 7.904239378565344754e-02 1.244262312800942100e-01 -5.987518553977169145e-01 -8.646409073104663334e-02 -9.643971876536121535e-01
5.494696954517531706e-01 8.024924630540306025e-02 1.354302163933409076e-01 -6.133983692655415876e-01 -6.019571374193750241e-03 -9.636409420457732189e-01
5.549303167435457596e-01 8.103103820255581902e-02 1.405707949023764225e-01 -6.191944664554082101e-01 2.846463478464952152e-02 -9.606373477667173866e-01
5.602670091080979020e-01 8.181045632859325345e-02 1.474357704256803459e-01 -6.288345061487373711e-01 6.618499422287854594e-02 -9.561571815683634901e-01
5.651826230335189605e-01 8.256344396310566491e-02 1.524754662698207530e-01 -6.307270931075005249e-01 1.027597410676952261e-01 -9.504827138907130379e-01
5.875208891280283563e-01 8.543104589037549268e-02 1.657076292418821484e-01 -6.472934869008862835e-01 1.591313713327038859e-01 -9.425093493314430360e-01
5.875208891280283563e-01 8.543104589037549268e-02 1.657076292418821484e-01 -6.472934869008862835e-01 1.591313713327038859e-01 -9.425093493314430360e-01
5.929374898575255903e-01 8.625161781763147906e-02 1.694235845116547345e-01 -6.477272825537607748e-01 1.740601587215520607e-01 -9.392980641795758423e-01
5.926497855755001876e-01 8.611761330414352544e-02 1.718236715640487910e-01 -6.448148756513342184e-01 1.887012964741156817e-01 -9.394840182962789221e-01
5.951075066542453884e-01 8.649355681368621485e-02 1.733793544095585948e-01 -6.429946036544278432e-01 1.982484731504192688e-01 -9.390495708493228344e-01
6.091568569179076631e-01 8.833822877964325748e-02 1.756830127389018281e-01 -6.401228659057930370e-01 1.969241155375069385e-01 -9.391449009934558223e-01
6.114426994595840714e-01 8.865208212473811578e-02 1.756165858884305708e-01 -6.381385225996375476e-01 1.911418971929212951e-01 -9.418805207916013389e-01
6.087334939504174258e-01 8.826981414456501474e-02 1.725113156737843600e-01 -6.266992034024694291e-01 1.843692807712043469e-01 -9.422718450146754243e-01
6.051500585166292856e-01 8.777841701737638946e-02 1.722355744600749528e-01 -6.266324871782024131e-01 1.815587433320855482e-01 -9.428532844310265615e-01
5.759845094988949032e-01 8.384964599289217169e-02 1.617319445096742636e-01 -5.886893473793120002e-01 1.739970589023878966e-01 -9.512488636796077035e-01
5.645293064282408402e-01 8.227847989569277154e-02 1.552623112707949837e-01 -5.660515528657026341e-01 1.523028536804607314e-01 -9.616131608230762406e-01
5.588416165085727805e-01 8.146994788534550613e-02 1.541500551551668874e-01 -5.645271293768021614e-01 1.206437171154545324e-01 -9.692101938278326889e-01
5.559236473099784526e-01 8.113833932287657646e-02 1.529745624925022973e-01 -5.656618315653154649e-01 7.607105646966064172e-02 -9.772912735189298594e-01
5.547835257585514990e-01 8.094060314544329615e-02 1.515337623587686700e-01 -5.666847817209691440e-01 2.618704036913145627e-02 -9.816555457105755611e-01
5.505967374668016001e-01 8.028582106080320302e-02 1.498224134750812120e-01 -5.680829598217631560e-01 -1.827985327687030662e-02 -9.853382260983114538e-01
5.500599456767634177e-01 8.022265877132939149e-02 1.471166042823804643e-01 -5.688880365220687629e-01 -7.160375607748543925e-02 -9.832952057354835684e-01
5.502813189478085176e-01 8.025659016289569958e-02 1.441026450692310945e-01 -5.719972516790535755e-01 -1.215629283082488715e-01 -9.813127526981130222e-01
5.502813189478085176e-01 8.025659016289569958e-02 1.441026450692310945e-01 -5.719972516790535755e-01 -1.215629283082488715e-01 -9.813127526981130222e-01
5.474995916719667122e-01 7.971618652496298418e-02 1.380279055255664300e-01 -5.769085171075162277e-01 -2.014571334124581892e-01 -9.706602977152569700e-01
5.470986945956094472e-01 7.966445101414761087e-02 1.352398352083322153e-01 -5.780476215165538667e-01 -2.333069762887816645e-01 -9.650093063011073724e-01
5.469981056660547791e-01 7.965823162935925517e-02 1.326177177063307400e-01 -5.785590166268671508e-01 -2.623704214444538274e-01 -9.582630110776421128e-01
5.452655817910694314e-01 7.923109710952741525e-02 1.310617058370271426e-01 -5.814370079639390454e-01 -2.806937911526479756e-01 -9.534898896509808042e-01
5.474191067585438830e-01 7.957608595744196378e-02 1.318622926173752541e-01 -5.906181223921177503e-01 -2.870112614581802890e-01 -9.534915183544266926e-01
5.530755716041904080e-01 8.032796680244377874e-02 1.345307111477360984e-01 -6.064433256091468216e-01 -2.871480007319258121e-01 -9.554614757598577368e-01
5.675589305798623974e-01 8.234085934616956759e-02 1.398199327818634985e-01 -6.345618463717934699e-01 -2.858835996263071055e-01 -9.562903868800302076e-01
5.844115377996700333e-01 8.476299476568290026e-02 1.436405905088109503e-01 -6.527089151863753047e-01 -2.781680370879976993e-01 -9.572999781537856467e-01
5.918085162554583833e-01 8.568943514921927018e-02 1.457885166885749539e-01 -6.617642091208892907e-01 -2.637710571783162816e-01 -9.605208395727495851e-01
5.841049208825432881e-01 8.461443626438368282e-02 1.405867974405517751e-01 -6.359046019293146390e-01 -2.445014643574383584e-01 -9.627015874507413029e-01
5.821780268692617888e-01 8.418027810072305217e-02 1.416405545204747485e-01 -6.367028590543202249e-01 -2.171435367532472960e-01 -9.680627563852474138e-01
5.892720438592620180e-01 8.516523348769630686e-02 1.443228246590604891e-01 -6.426553593189298086e-01 -1.786181305598298630e-01 -9.727267436173583359e-01
5.922490633558006312e-01 8.553480122877926695e-02 1.480209523827499540e-01 -6.486540644893530327e-01 -1.351469604187147955e-01 -9.771385362789424267e-01
5.941881084723237283e-01 8.558507562954351111e-02 1.505372012873373577e-01 -6.505365015463816514e-01 -9.316407042568465580e-02 -9.796443828344759686e-01
6.023735497621185431e-01 8.649590374389985736e-02 1.541874155248224576e-01 -6.555085100625432926e-01 -4.990497831852844929e-02 -9.789320250056766648e-01
6.048237752233187603e-01 8.684891401388517007e-02 1.584413028505809173e-01 -6.620958955987739092e-01 -8.953843625523783337e-03 -9.789128888423653807e-01
6.072055394822573060e-01 8.724375914685324196e-02 1.612289216300042127e-01 -6.637621278151998316e-01 2.413156268736166288e-02 -9.773702510118589259e-01
6.098144932893583281e-01 8.756578154860070184e-02 1.629501237234835254e-01 -6.598316850148048252e-01 5.494400804968187224e-02 -9.755986481234537600e-01
6.115228109064749784e-01 8.776870075976105079e-02 1.656009279240384102e-01 -6.634504651891199867e-01 7.994733129776038227e-02 -9.746723706740159088e-01
6.100690731795389565e-01 8.756124695745651221e-02 1.671321134470263314e-01 -6.622882687898731247e-01 9.849017645741328653e-02 -9.708089938360900950e-01
6.112039174743920666e-01 8.767775669012607687e-02 1.683864841496925668e-01 -6.610610248638741915e-01 1.080010068933643236e-01 -9.706361586141178943e-01
6.070009639926537970e-01 8.720473379221560517e-02 1.686984963219428924e-01 -6.598946341446443320e-01 1.101131664531086740e-01 -9.718469995179166432e-01
6.063149858914614887e-01 8.705779193608295663e-02 1.685940579108833048e-01 -6.587985613834252963e-01 1.050488158322027965e-01 -9.715684102619299711e-01
5.837174023844963200e-01 8.413202889150005193e-02 1.560196961514259129e-01 -6.099294117052761477e-01 1.031907130804807921e-01 -9.731562934627867589e-01
5.820558769383908926e-01 8.485328508185178975e-02 1.541957766305186994e-01 -6.042431907525231960e-01 9.910987188873736364e-02 -9.758504999342045849e-01
5.639151753748152807e-01 8.262774052280906500e-02 1.451372146404973085e-01 -5.687058837505901687e-01 8.062651592923039678e-02 -9.811666202037693241e-01
5.581394186434643911e-01 8.217573157455784760e-02 1.442478736890319690e-01 -5.674513342970890495e-01 5.537142927185560032e-02 -9.847498654317210498e-01
5.576494618802998460e-01 8.266761321278881525e-02 1.438497547874225402e-01 -5.684243054887171409e-01 2.885770509343188808e-02 -9.865293739998511890e-01
5.543784271942521213e-01 8.262269175199457583e-02 1.434758926911246235e-01 -5.703100009027975981e-01 -2.897609192768203085e-03 -9.880295841973610882e-01
5.549452346622223420e-01 8.357721237717471996e-02 1.429340047439889017e-01 -5.711937777774428460e-01 -3.374097554936983379e-02 -9.886859707086439464e-01
5.467444236373888433e-01 8.279537163419985191e-02 1.415282943683942585e-01 -5.693379793482372664e-01 -6.315944190611252895e-02 -9.892479959789843846e-01
5.465975470091558597e-01 8.304366217074417300e-02 1.420279973572445287e-01 -5.745043189962776298e-01 -8.912855425314585023e-02 -9.906123475156313196e-01
5.470074995570034515e-01 8.318221823447589924e-02 1.417586678839126146e-01 -5.764102472896582841e-01 -1.104038106945936931e-01 -9.893233723176341199e-01
5.452687176264214841e-01 8.356934218232109357e-02 1.409430395096053501e-01 -5.759398979637176952e-01 -1.285221012674475638e-01 -9.873339386162505171e-01
5.447256415143235664e-01 8.487486891885895335e-02 1.405210881134782708e-01 -5.767873578307091131e-01 -1.399415785576973159e-01 -9.856967570706853810e-01
5.467381592329897400e-01 8.676122509320763343e-02 1.418896242541071162e-01 -5.840940268543264313e-01 -1.393331825407896907e-01 -9.861784813458677190e-01
5.516044026646569343e-01 8.759735804398673109e-02 1.412428968187462441e-01 -5.843230933926195636e-01 -1.366308644679628814e-01 -9.865178659912409165e-01
5.494303259187286459e-01 8.744545979613545239e-02 1.410066929223951215e-01 -5.833551371391709761e-01 -1.322122553549333890e-01 -9.862162977736679270e-01
5.426017328857605238e-01 8.654192817538829130e-02 1.381662029462204788e-01 -5.716354463999331337e-01 -1.239964290874798480e-01 -9.821956243828519062e-01
5.391029674227815205e-01 8.617318211306675135e-02 1.382983770857708627e-01 -5.712580031702002570e-01 -1.149736327722791218e-01 -9.825453033456768015e-01
5.442135504985693428e-01 8.703830733930645325e-02 1.417236103419296234e-01 -5.835944376274535550e-01 -9.963659926562126734e-02 -9.824892690560699249e-01
5.442135504985693428e-01 8.703830733930645325e-02 1.417236103419296234e-01 -5.835944376274535550e-01 -9.963659926562126734e-02 -9.824892690560699249e-01
5.426982830610060926e-01 8.685030697571094471e-02 1.423180369647416288e-01 -5.834171341635108199e-01 -7.864758788516149068e-02 -9.840769596624008297e-01
5.471383132926934678e-01 8.768314092306969676e-02 1.450698908598885839e-01 -5.876018852932982650e-01 -4.223102892791003732e-02 -9.821625827648374774e-01
5.396041418687882452e-01 8.657035818750895284e-02 1.421577301823778450e-01 -5.734472380299625582e-01 -3.367564718652188427e-02 -9.778994723515300747e-01
5.484824441478661772e-01 8.798579694683435204e-02 1.448976966480347295e-01 -5.819570128133344511e-01 -1.714558777129521205e-02 -9.756009629467664590e-01
5.495346776031634350e-01 8.835180131906114620e-02 1.458896410656378984e-01 -5.843639816302315104e-01 -1.130148188758474045e-02 -9.734272034958727504e-01
5.500580885611479065e-01 8.846040092049015091e-02 1.463439157304733673e-01 -5.862193082355353635e-01 -4.237424466611528114e-03 -9.731733472606972635e-01
5.500580885611479065e-01 8.846040092049015091e-02 1.463439157304733673e-01 -5.862193082355353635e-01 -4.237424466611528114e-03 -9.731733472606972635e-01
5.505118105360092828e-01 8.850820401690376316e-02 1.469996686659223450e-01 -5.881515047232310778e-01 -2.297079623667249403e-03 -9.735518766414250624e-01
5.513417244757312652e-01 8.906865155358739683e-02 1.467897024152477470e-01 -5.885757147225764152e-01 6.109070056972162963e-04 -9.735511355411216039e-01
5.513417244757312652e-01 8.906865155358739683e-02 1.467897024152477470e-01 -5.885757147225764152e-01 6.109070056972162963e-04 -9.735511355411216039e-01
5.559456699311903227e-01 9.006722788231140420e-02 1.454621555394956522e-01 -5.847551067114582501e-01 -2.509177634996481309e-04 -9.704470652406123055e-01
5.568571298573004036e-01 9.099688010785204895e-02 1.456975066140257236e-01 -5.875825587455545396e-01 -1.112674926109928457e-03 -9.728966224436765842e-01
5.531639501964196182e-01 9.196333150141824953e-02 1.443879083863530421e-01 -5.857000118200051952e-01 -2.295687293842977456e-02 -9.755904329980995549e-01
5.531997614550834275e-01 9.255115235629694792e-02 1.438229746176361290e-01 -5.863925216720395905e-01 -4.661815222648588164e-02 -9.752063755308670867e-01
5.514871967982968304e-01 9.307570151425614835e-02 1.432202747068671844e-01 -5.900220239090402385e-01 -7.179946124801851737e-02 -9.790767693322274257e-01
5.590876181192686589e-01 9.426247461757279733e-02 1.418088656146858362e-01 -5.907409283271054523e-01 -1.030410222082026456e-01 -9.770828263988177165e-01
5.592512486808631778e-01 9.415486441202307322e-02 1.406121155454352623e-01 -5.920087574917695106e-01 -1.292073823358639295e-01 -9.759326650502601064e-01
5.598204496588664592e-01 9.423105353205377122e-02 1.400703893987511051e-01 -6.005015229317901548e-01 -1.607372276838724134e-01 -9.768694751655384589e-01
5.598204496588664592e-01 9.423105353205377122e-02 1.400703893987511051e-01 -6.005015229317901548e-01 -1.607372276838724134e-01 -9.768694751655384589e-01
5.609813198791611111e-01 9.427154270033531736e-02 1.386053680042508840e-01 -6.071561366752221689e-01 -1.862544541513587448e-01 -9.753544546496261125e-01
5.661297767976680717e-01 9.502178874739937442e-02 1.360772476396051311e-01 -6.087793539829348122e-01 -2.099927477777000506e-01 -9.706246291982820740e-01
5.631320400777890534e-01 9.301989787698895784e-02 1.346964844539786377e-01 -6.120228497226486430e-01 -2.266944164481669022e-01 -9.673347551261357591e-01
5.640066599676847314e-01 9.127134616874166273e-02 1.341742115419206627e-01 -6.198109735575247914e-01 -2.332767818271789251e-01 -9.670980400761506335e-01
5.676203947279051532e-01 8.916377734873595640e-02 1.358276696953009677e-01 -6.357589523979788604e-01 -2.330595765078783965e-01 -9.678682948335147751e-01
5.765430357487005830e-01 8.787734987951760501e-02 1.394474546766792944e-01 -6.624065129575680277e-01 -2.328781881714064028e-01 -9.699995671654427776e-01
5.743903967329045956e-01 8.316203455000859002e-02 1.382988989566899807e-01 -6.627297004237806544e-01 -2.253437445880418777e-01 -9.715637929627285452e-01
5.747915294866056124e-01 7.967738788367262348e-02 1.382442232914212199e-01 -6.621979905704861169e-01 -2.158959599471680924e-01 -9.730729013024550511e-01
5.484634235287196846e-01 7.300407194190861038e-02 1.295207150915180239e-01 -6.178227477272104640e-01 -2.067216070116258686e-01 -9.677812882034884101e-01
5.319912046682524487e-01 6.668300862253462302e-02 1.254213016303649952e-01 -5.951707089895823533e-01 -2.011084053815154482e-01 -9.613435034257706846e-01
5.338838305535161810e-01 6.127884112657201732e-02 1.267158868731008692e-01 -5.976903310543734138e-01 -1.938198293524186211e-01 -9.604019837635708878e-01
4.992813803895333469e-01 5.332210310251496443e-02 1.191313047944836528e-01 -5.566808445499866753e-01 -1.920956455102107718e-01 -9.513549240133191143e-01
4.895960862857878793e-01 5.094200953214281236e-02 1.159800344694226354e-01 -5.382659055155072370e-01 -1.952646076291793265e-01 -9.475219748644784223e-01
4.831944452666691592e-01 4.788465852839582371e-02 1.159087422508668086e-01 -5.333990674988048353e-01 -1.974246279573623752e-01 -9.454017016830440490e-01
4.837015817672400408e-01 4.543897203018656267e-02 1.172314692626399285e-01 -5.364128472363621780e-01 -1.994296945437632196e-01 -9.465645751662752350e-01
4.775480156384436792e-01 4.405989922963766958e-02 1.155299383542986585e-01 -5.253282037032076524e-01 -2.044957694438802598e-01 -9.459888731782890581e-01
4.775480156384436792e-01 4.405989922963766958e-02 1.155299383542986585e-01 -5.253282037032076524e-01 -2.044957694438802598e-01 -9.459888731782890581e-01
4.720172609628188742e-01 4.196915903249409663e-02 1.149353655537449503e-01 -5.198404361847123178e-01 -2.112978166886620157e-01 -9.448900661568585546e-01
4.619194752456521336e-01 4.079517051897285640e-02 1.138310395569228778e-01 -5.120231237858182682e-01 -2.198228544272465557e-01 -9.436306563216150245e-01
4.620753442812103873e-01 3.902423466434308541e-02 1.153496023487329269e-01 -5.202469031299373770e-01 -2.675435048970772889e-01 -9.341249367060625586e-01
4.626507431498916856e-01 3.797663448171551687e-02 1.155118512944225684e-01 -5.224647046501538217e-01 -3.007313047218499458e-01 -9.281698875583572761e-01
4.603589540411487935e-01 3.530172062451236714e-02 1.158248283839417442e-01 -5.248733000713465824e-01 -3.252485928246939828e-01 -9.231151486840584175e-01
4.596514130838518231e-01 3.201326735830219844e-02 1.163826556182666339e-01 -5.297108923055792173e-01 -3.559798211272689472e-01 -9.173033083524986253e-01
4.599573580609533918e-01 2.951035581076753150e-02 1.186781788873169236e-01 -5.433087215213880938e-01 -3.774258811222642174e-01 -9.129654555598808452e-01
4.775354496055468911e-01 2.656739107865695865e-02 1.288673969934393260e-01 -5.933688699632353458e-01 -3.959348265051602644e-01 -9.108079765471926992e-01
4.773298454470054630e-01 2.404980528793537395e-02 1.287333845250671627e-01 -5.943284394850248953e-01 -4.015538194733357935e-01 -9.081262053382590516e-01
4.871557172609013997e-01 1.672670302227644706e-02 1.345078313319664487e-01 -6.268935244519332484e-01 -4.049064616833015773e-01 -9.084281785871389792e-01
5.233538852341612646e-01 8.514680513853862404e-03 1.483474795011578973e-01 -7.016133294598748682e-01 -4.018348308193607221e-01 -9.109291390187195248e-01
5.372984206040823940e-01 -2.247721615891653483e-03 1.514544118996789535e-01 -7.297520344559332850e-01 -3.905706115337644335e-01 -9.124543813551937443e-01
5.584964381733591443e-01 -1.227323090155951410e-02 1.625025317815493864e-01 -7.813292688267586827e-01 -3.780567357775482251e-01 -9.159770811273864055e-01
5.869935571845328326e-01 -2.171663859494958951e-02 1.666713946324971107e-01 -8.026461469267353044e-01 -3.707027095507859360e-01 -9.195018192230425269e-01
6.015108188772478881e-01 -3.302874468441499567e-02 1.676167216486189049e-01 -8.022116161341639184e-01 -3.514476395180953783e-01 -9.217769985660272392e-01
6.312571877315468205e-01 -4.060703001076530760e-02 1.699481968788367769e-01 -8.005286173991068566e-01 -3.222822978293199969e-01 -9.253613171560004513e-01
6.420812698635558480e-01 -4.939647497200377185e-02 1.705545940915315917e-01 -7.915057792336146480e-01 -2.939915498995649967e-01 -9.315839303052925180e-01
6.420812698635558480e-01 -4.939647497200377185e-02 1.705545940915315917e-01 -7.915057792336146480e-01 -2.939915498995649967e-01 -9.315839303052925180e-01
6.621085659113989941e-01 -5.535896632468775835e-02 1.758469762270219450e-01 -7.928868340839234641e-01 -2.378946826331611308e-01 -9.425471265865270620e-01
6.721028891897555813e-01 -6.377462470796611826e-02 1.837152156620641685e-01 -8.043123797722209201e-01 -1.906564605600576390e-01 -9.527655394698757441e-01
6.967619015381211200e-01 -7.244199640673032459e-02 1.984274265233811341e-01 -8.073724888948802247e-01 -7.687261144181777028e-02 -9.659257209695136792e-01
6.982367880941101612e-01 -7.192370491799288112e-02 2.012395367672066560e-01 -7.929166479823601676e-01 -1.653775710673057245e-02 -9.690016776433389989e-01
6.982367880941101612e-01 -7.192370491799288112e-02 2.012395367672066560e-01 -7.929166479823601676e-01 -1.653775710673057245e-02 -9.690016776433389989e-01
6.959691228751038183e-01 -7.164496889420685077e-02 1.995571333642300882e-01 -7.775610923249962614e-01 2.379173180992283365e-02 -9.673315578675621973e-01
6.996151443925714419e-01 -7.097527225727104372e-02 2.004034753158240034e-01 -7.675272052402803968e-01 6.328857331136403253e-02 -9.638022906326640937e-01
6.945470782667296783e-01 -6.942567572508279161e-02 2.003326900611336892e-01 -7.570076376211739566e-01 9.417608999024133787e-02 -9.368821199233446917e-01
6.891434733778285526e-01 -6.801303473938399846e-02 1.995089051422924142e-01 -7.361524136732183754e-01 1.500519274469448994e-01 -9.335834950528464349e-01
6.891434733778285526e-01 -6.801303473938399846e-02 1.995089051422924142e-01 -7.361524136732183754e-01 1.500519274469448994e-01 -9.335834950528464349e-01
6.845665122601817254e-01 -6.645202021512078283e-02 2.001593134576833966e-01 -7.306218544167011331e-01 1.614872041344031228e-01 -9.389172763341253614e-01
6.778326122842803780e-01 -6.399899481152743208e-02 2.016978032663670484e-01 -7.194512851335220782e-01 1.913284158207928798e-01 -9.255057473022662018e-01
6.417455392669207948e-01 -5.979235160414264616e-02 1.831529254595996026e-01 -6.428495277779745498e-01 1.909287842874564378e-01 -8.717138333686124119e-01
6.342222343550160124e-01 -5.786975233976048710e-02 1.838568384386017884e-01 -6.312061375236562855e-01 1.944497871133320788e-01 -8.446580124758652497e-01
6.342222343550160124e-01 -5.786975233976048710e-02 1.838568384386017884e-01 -6.312061375236562855e-01 1.944497871133320788e-01 -8.446580124758652497e-01
6.275613045741512686e-01 -5.606492875562155836e-02 1.823623517206530154e-01 -6.178317275259723740e-01 1.927379090424114483e-01 -8.319404149226806711e-01
6.171897538929733695e-01 -5.426789094973366590e-02 1.800264721217560981e-01 -6.009391820613371182e-01 1.900122070222578785e-01 -8.149117227600367608e-01
5.511634926730776263e-01 -4.752390266228490728e-02 1.617727411469936094e-01 -5.279185564625187288e-01 1.945360298970453261e-01 -8.137853006036983583e-01
5.300735723461011961e-01 -4.409550097903132404e-02 1.607630896963552214e-01 -5.087051406839681045e-01 1.942610817978966120e-01 -8.232768140783099931e-01
4.955070659642194508e-01 -4.041785772703807705e-02 1.560162232289993012e-01 -4.896805115131513952e-01 1.835471005759049534e-01 -8.285022349709086908e-01
4.956240006606967841e-01 -3.965170011146897100e-02 1.561257398206040425e-01 -4.895778662282940230e-01 1.603731445869053807e-01 -8.269340041700815602e-01
4.995266444762064273e-01 -3.935475672722526380e-02 1.627665973660741283e-01 -5.105282502748516027e-01 1.230862576405722941e-01 -8.672486950074135281e-01
5.009118246681468767e-01 -3.896813549665680693e-02 1.653030452700088304e-01 -5.174857541141519857e-01 9.042181764463805282e-02 -8.742464603583195437e-01
4.995984742086759800e-01 -3.829255412644504836e-02 1.665315073719783601e-01 -5.201708052842067831e-01 5.766510021258910296e-02 -8.846383129225283692e-01
5.003492054429774516e-01 -3.846365820810077746e-02 1.678306326656436864e-01 -5.230659026495879660e-01 2.647686343290667210e-02 -8.934989195515345983e-01
5.022261649211622325e-01 -3.870968816448500105e-02 1.679653947509790191e-01 -5.231114927228998068e-01 1.576416089803867049e-02 -9.011431070081106220e-01
5.040033614778816062e-01 -4.069803933928085871e-02 1.701594639327599079e-01 -5.315070172478837396e-01 1.263468284033472666e-02 -9.080647081841246582e-01
5.162937273653362968e-01 -4.565609785475065879e-02 1.828590656197617570e-01 -5.727326137655955884e-01 5.353752174704197106e-03 -9.263714004274675728e-01
5.290289569389807767e-01 -5.204678522779079136e-02 1.977129642949643495e-01 -6.189031539631213441e-01 1.758664308180762545e-04 -9.412426335643071518e-01
5.377837103735149116e-01 -5.748833401307912316e-02 2.111321826958517389e-01 -6.587259569826581229e-01 5.838819856215309023e-03 -9.482119505714938779e-01
5.612298278536236307e-01 -6.200187005251545092e-02 2.224156604407632187e-01 -6.897746954789427676e-01 1.306737869942180101e-02 -9.536335710082188832e-01
5.813831542898085791e-01 -6.668519884339912940e-02 2.357015607462607243e-01 -7.210823968833244280e-01 2.676941320364411084e-02 -9.517946752581977199e-01
5.928915525391676988e-01 -6.887205390599754340e-02 2.394512826189927890e-01 -7.216896896386234550e-01 5.708953882862458085e-02 -9.463188248122997859e-01
5.928915525391676988e-01 -6.887205390599754340e-02 2.394512826189927890e-01 -7.216896896386234550e-01 5.708953882862458085e-02 -9.463188248122997859e-01
6.005640310974049711e-01 -6.964828251009459736e-02 2.410469267040016295e-01 -7.130273843162444614e-01 9.454133179939025466e-02 -9.424433266450717994e-01
6.033566244721279004e-01 -7.116543630284150046e-02 2.455987320498918269e-01 -7.130130774029530549e-01 1.266352397989375378e-01 -9.354307908714757369e-01
6.169813140300776100e-01 -7.244232101673174495e-02 2.499039775696881849e-01 -7.134877562638087811e-01 1.683020090347210340e-01 -9.260854502051486525e-01
6.469595826070357880e-01 -7.732391519360877485e-02 2.664785958736421434e-01 -7.401774068310505994e-01 2.171283924135826437e-01 -9.075318001514918187e-01
6.469595826070357880e-01 -7.732391519360877485e-02 2.664785958736421434e-01 -7.401774068310505994e-01 2.171283924135826437e-01 -9.075318001514918187e-01
6.664413512327885813e-01 -7.972950166433784291e-02 2.864364210918076692e-01 -7.507277909011343953e-01 3.115515607003140897e-01 -8.780902800151452192e-01
6.923083903117630555e-01 -8.182968733901407887e-02 2.938351100560530060e-01 -7.554207228728874179e-01 3.493965300132782503e-01 -8.691505699178742050e-01
6.892556879148974414e-01 -7.920191337460108505e-02 2.869580837424386965e-01 -7.280973030037979354e-01 3.856734559496378667e-01 -8.578933898497544952e-01
6.852463510601840557e-01 -7.757527565695489236e-02 2.850535826969727848e-01 -7.204207651878211660e-01 4.059485316158076285e-01 -8.621004607615541104e-01
6.856562685346133668e-01 -7.648495233458840747e-02 2.852221724141332793e-01 -7.186101264972506453e-01 4.183618013387488399e-01 -8.476633635424616342e-01
6.836092784588539972e-01 -7.505226172033784005e-02 2.808411395689149326e-01 -7.067948451563716983e-01 4.211631807065037147e-01 -8.415763087482049931e-01
6.494361475906045289e-01 -7.014124946113831083e-02 2.611260694938902227e-01 -6.560356178686455042e-01 4.213270870310978355e-01 -8.145058285756964223e-01
6.461962793580808828e-01 -6.872023927066241156e-02 2.601374825129819102e-01 -6.528241151816304155e-01 4.327742010564179509e-01 -8.042767640850619904e-01
6.373645495542560324e-01 -6.670145025027701680e-02 2.600804175551525987e-01 -6.501909343263696517e-01 4.431904956506253490e-01 -7.985646129626869927e-01
6.006186744469640404e-01 -6.178582572945447854e-02 2.371617076016921122e-01 -5.933793250846302048e-01 4.402001529180716854e-01 -7.758979558945733324e-01
6.006186744469640404e-01 -6.178582572945447854e-02 2.371617076016921122e-01 -5.933793250846302048e-01 4.402001529180716854e-01 -7.758979558945733324e-01
5.196845823969238332e-01 -5.270435725370464092e-02 1.996134874627251421e-01 -4.937910837774577288e-01 4.311217307023547662e-01 -7.687455632471112965e-01
5.060523757238261089e-01 -5.052129022652895179e-02 1.978448497179576826e-01 -4.858276143273339009e-01 4.247363168276722667e-01 -7.781228677483683631e-01
4.789144988537396008e-01 -4.698006580648710767e-02 1.912614551299665622e-01 -4.669310055528702041e-01 4.180642584409132168e-01 -7.899417925324422329e-01
4.789144988537396008e-01 -4.698006580648710767e-02 1.912614551299665622e-01 -4.669310055528702041e-01 4.180642584409132168e-01 -7.899417925324422329e-01
4.671119644713354613e-01 -4.463532231943045242e-02 1.955011619742660633e-01 -4.766370963491237678e-01 3.895659055192895459e-01 -8.146759311706425200e-01
4.658314947528650052e-01 -4.385374038339524827e-02 1.981405310903563977e-01 -4.839994940176037819e-01 3.567568217171597778e-01 -8.305915800193560683e-01
4.621006519335757456e-01 -4.206238464490059253e-02 1.984919709256668385e-01 -4.920745636813451118e-01 1.640097180079165551e-01 -9.084063150065334602e-01
4.400183570143534340e-01 -3.980361983418786997e-02 1.919885489484017826e-01 -4.835168123041449495e-01 1.104961766650134139e-02 -9.430586730900933912e-01
4.400183570143534340e-01 -3.980361983418786997e-02 1.919885489484017826e-01 -4.835168123041449495e-01 1.104961766650134139e-02 -9.430586730900933912e-01
4.371847056503779250e-01 -3.898322964062244517e-02 1.912369528083993353e-01 -4.880679361528393878e-01 -1.124981855744820874e-01 -9.324882444008777416e-01
4.152169092052843680e-01 -3.896012892759332519e-02 1.854779131931901803e-01 -4.846574798143826190e-01 -3.003253218164804728e-01 -9.126245845478934138e-01
4.098170645315472038e-01 -3.809661442965434769e-02 1.806097302800503401e-01 -4.874559572046027189e-01 -4.439578375333824156e-01 -8.493998285850402619e-01
4.087347238998418897e-01 -3.821480577830939362e-02 1.788650824424935781e-01 -4.889313108265527785e-01 -4.637410912852256151e-01 -8.402234774253359850e-01
4.120952226473232338e-01 -4.006998165041461557e-02 1.818154571374563933e-01 -4.999873450296579702e-01 -4.665936290144688248e-01 -8.394907686849554240e-01
4.111736097160208492e-01 -4.081569662967995255e-02 1.842343565274617567e-01 -5.118477914632990622e-01 -4.573006119752783816e-01 -8.469640001089430159e-01
4.182425207921360855e-01 -4.412051504422249970e-02 1.925166177122926148e-01 -5.416470543335091259e-01 -4.278397448719332141e-01 -8.498023083427564961e-01
4.246351003044092076e-01 -4.664183454464096434e-02 2.004249137837306183e-01 -5.724668360361483410e-01 -4.082639279715284397e-01 -8.591726066924139094e-01
4.284098815268572724e-01 -4.940145634443254136e-02 2.095462222307183653e-01 -6.031281202121550056e-01 -3.752199157402238971e-01 -8.715964037736241288e-01
4.375547219330916393e-01 -5.435156096241216400e-02 2.269511774662451020e-01 -6.540595079136362067e-01 -3.432484651646811602e-01 -8.898405751829931987e-01
4.486910274566389689e-01 -5.612207077355005347e-02 2.422574949842585257e-01 -6.944004199963548229e-01 -3.011772455974336959e-01 -9.112588446469973569e-01
4.486910274566389689e-01 -5.612207077355005347e-02 2.422574949842585257e-01 -6.944004199963548229e-01 -3.011772455974336959e-01 -9.112588446469973569e-01
4.586852569894702136e-01 -5.984755854126995456e-02 2.480607988971630373e-01 -7.008187986837656203e-01 -2.592219827933009979e-01 -9.222400165459905264e-01
4.862426779162424273e-01 -6.327178931971379205e-02 2.616301138273010030e-01 -7.334738632634630884e-01 -2.147758604297285989e-01 -9.327179912060161726e-01
5.078596059549509434e-01 -6.770996521798555712e-02 2.792603414356712443e-01 -7.603162129997022012e-01 -1.358669731511198964e-01 -9.502989129214546304e-01
5.249714354708683306e-01 -6.953636052447614846e-02 2.887909566862664201e-01 -7.748781578592488506e-01 -9.063582715509842236e-02 -9.520125730843396195e-01
5.249714354708683306e-01 -6.953636052447614846e-02 2.887909566862664201e-01 -7.748781578592488506e-01 -9.063582715509842236e-02 -9.520125730843396195e-01
5.383903366957676351e-01 -7.136419357809681285e-02 2.912545421770610932e-01 -7.710817124875547490e-01 -5.176334201756213615e-02 -9.546264233266678056e-01
5.715652912021748078e-01 -7.521415222061017536e-02 2.993233589655812654e-01 -7.794834636918391846e-01 -6.881361984102908440e-03 -9.509870328331024858e-01
5.835742780989325862e-01 -7.564089506445943745e-02 3.051905214904340191e-01 -7.778732732958739682e-01 8.340876911684565187e-02 -9.457141748781172641e-01
5.845182134320551226e-01 -7.480283739672842491e-02 3.037989129923461817e-01 -7.684776018651393592e-01 1.356959297340719905e-01 -9.416670052919094980e-01
5.907592150369500583e-01 -7.492422664698816792e-02 3.088930529409437131e-01 -7.739917072917789076e-01 1.853841849462984082e-01 -9.354694416391178269e-01
6.065314626455011737e-01 -7.598345275968938772e-02 3.094296399161116651e-01 -7.714548497953945816e-01 2.163124423124223039e-01 -9.291125076981155972e-01
6.070436821019586926e-01 -7.517030425498329171e-02 3.059273655560790228e-01 -7.631909558366383184e-01 2.300361221241021548e-01 -9.269328152700830881e-01
6.110200983371358863e-01 -7.469682736633771747e-02 3.041574025799620440e-01 -7.594259743370360694e-01 2.382195856483102780e-01 -9.227004755659993229e-01
6.141508837082474415e-01 -7.421368595355846975e-02 3.015372709024023989e-01 -7.551665697851813741e-01 2.445366116454667504e-01 -9.190128952868038548e-01
6.141508837082474415e-01 -7.421368595355846975e-02 3.015372709024023989e-01 -7.551665697851813741e-01 2.445366116454667504e-01 -9.190128952868038548e-01
6.196132961826683605e-01 -7.314348440546947216e-02 2.946490788654592130e-01 -7.417700604458770108e-01 2.455201152967630973e-01 -9.170076590496861746e-01
6.196132961826683605e-01 -7.314348440546947216e-02 2.946490788654592130e-01 -7.417700604458770108e-01 2.455201152967630973e-01 -9.170076590496861746e-01
6.131763165065697851e-01 -7.171293136606252117e-02 2.929908476017004659e-01 -7.389653606944518449e-01 2.468573063751164642e-01 -9.101753885636876262e-01
6.078860839323191323e-01 -7.030206409681601099e-02 2.805899497734418713e-01 -7.055912935148470622e-01 2.485092201694840686e-01 -8.976461875937765678e-01
6.010468318513685348e-01 -6.870488586828209232e-02 2.784002286840838170e-01 -6.996893346221557675e-01 2.545877581347216201e-01 -8.935039667486348591e-01
5.912610897799831511e-01 -6.677012301197843280e-02 2.652127035834150881e-01 -6.637683028889050929e-01 2.543919824005860808e-01 -8.899862867306574943e-01
5.777840344430944519e-01 -6.475892853973794216e-02 2.494575436592382511e-01 -6.260263204810528892e-01 2.205351998066188701e-01 -9.114816309896791591e-01
5.777840344430944519e-01 -6.475892853973794216e-02 2.494575436592382511e-01 -6.260263204810528892e-01 2.205351998066188701e-01 -9.114816309896791591e-01
5.696627887913928712e-01 -6.308226948974937631e-02 2.445605822701985566e-01 -6.167052656861741200e-01 1.787343724408333723e-01 -9.292814088475629397e-01
5.626016929486173934e-01 -6.188114256199291757e-02 2.375306327068050227e-01 -6.031473089758802031e-01 1.070458967010435025e-01 -9.473823158034296865e-01
5.247415698126143280e-01 -5.624780420454033453e-02 2.176906654293886967e-01 -5.628646760466038401e-01 -6.665518865462533027e-02 -9.555445605558909872e-01
4.973690037217181059e-01 -5.270893809911688516e-02 2.095449537095939452e-01 -5.468130198264746777e-01 -1.771970094701864340e-01 -9.521937928430633802e-01
4.980812037402810866e-01 -5.237292055123852347e-02 2.088118266123622502e-01 -5.504154806844220316e-01 -2.411518466099492330e-01 -9.377658123324597028e-01
4.736641353241313190e-01 -4.923251866303574725e-02 1.985648877480943320e-01 -5.289688826360893215e-01 -2.929215221610662057e-01 -9.268975213111995126e-01
4.482198189276056510e-01 -4.670333626136573268e-02 1.904258054318654081e-01 -5.115513742925275054e-01 -3.264680513886494828e-01 -9.086031089678299200e-01
4.448302634533261024e-01 -4.600823354832195983e-02 1.905506521957820443e-01 -5.127482362910205094e-01 -3.319547725203295663e-01 -9.029346618509043187e-01
4.482809410866794297e-01 -4.588214792025208100e-02 1.928942850967450551e-01 -5.191871853062653974e-01 -3.326874852204921296e-01 -8.964727384421249390e-01
4.523326896878892556e-01 -4.646501571982510764e-02 2.001110266190444242e-01 -5.414547884810585465e-01 -3.244518156782250640e-01 -8.989235854785874169e-01
4.625477476577157243e-01 -4.826200929993492567e-02 2.198143877087321840e-01 -5.992972610749488505e-01 -3.181833022362800523e-01 -9.207930819237050146e-01
4.625477476577157243e-01 -4.826200929993492567e-02 2.198143877087321840e-01 -5.992972610749488505e-01 -3.181833022362800523e-01 -9.207930819237050146e-01
4.682861238728763253e-01 -5.063088129423415351e-02 2.306344473711189891e-01 -6.330742004910044907e-01 -3.079971147069962556e-01 -9.310160405887659696e-01
4.852894170537886964e-01 -5.372799520106662230e-02 2.477049840342892273e-01 -6.835345172135887104e-01 -2.991606216229433235e-01 -9.341029678445413875e-01
4.881805772701660051e-01 -5.400158153772876418e-02 2.522219048814390852e-01 -6.985154769271680886e-01 -2.830974533548462624e-01 -9.414461613026020581e-01
4.990919207231048760e-01 -5.559437777915766238e-02 2.602719645447061914e-01 -7.214099290383578778e-01 -2.694407193249105936e-01 -9.439051023257037931e-01
5.325200299565963080e-01 -6.002781562208029525e-02 2.723251158703969277e-01 -7.545117293369075773e-01 -2.464012021648190054e-01 -9.401930797945708962e-01
5.443109492732789434e-01 -6.243002578217933529e-02 2.823856811473962058e-01 -7.810205414411833802e-01 -2.338145381223249164e-01 -9.462242247550232133e-01
5.579928417826272025e-01 -6.400303949579674856e-02 2.862450025618752947e-01 -7.876663110209712881e-01 -2.019573946763044137e-01 -9.486490454041499598e-01
5.983885637878599839e-01 -6.946134073602938663e-02 3.023593107332174235e-01 -8.202761639279981809e-01 -1.348179059200597940e-01 -9.597695820297040825e-01
6.000635260111140123e-01 -6.931979617767436430e-02 2.998391203973066466e-01 -8.073886378188651625e-01 -9.928867484833367452e-02 -9.634269895189033761e-01
6.049467977130889018e-01 -6.928437751654362153e-02 2.991889472027102204e-01 -7.998698665372487859e-01 -5.641611450485115725e-02 -9.649156966768147603e-01
6.049467977130889018e-01 -6.928437751654362153e-02 2.991889472027102204e-01 -7.998698665372487859e-01 -5.641611450485115725e-02 -9.649156966768147603e-01
6.089279993513901923e-01 -6.911841745928884451e-02 2.997983096836290828e-01 -7.988494191155436353e-01 -1.756545618857611665e-02 -9.656004005904247345e-01
6.210662339344611427e-01 -6.986939776228782983e-02 3.023273629159292653e-01 -8.004144892035702785e-01 2.406006872994619766e-02 -9.602170875892257484e-01
6.365920040992244511e-01 -7.046804698398521916e-02 3.042204960331172936e-01 -7.992363098388486353e-01 9.972837160979028392e-02 -9.520554643233407610e-01
6.365920040992244511e-01 -7.046804698398521916e-02 3.042204960331172936e-01 -7.992363098388486353e-01 9.972837160979028392e-02 -9.520554643233407610e-01
6.365920040992244511e-01 -7.046804698398521916e-02 3.042204960331172936e-01 -7.992363098388486353e-01 9.972837160979028392e-02 -9.520554643233407610e-01
6.447070113483772680e-01 -7.010023028172795989e-02 2.978915701305911434e-01 -7.831172688648920799e-01 1.354703147762579551e-01 -9.467471723646336823e-01
6.463860482201136959e-01 -6.969751245352581726e-02 2.949592669923549737e-01 -7.751956832827866517e-01 1.503772481754645229e-01 -9.448307334129391055e-01
6.390977943104885206e-01 -6.776407180069173031e-02 2.860646479398014641e-01 -7.512818445316373772e-01 1.592804441687039330e-01 -9.384375136884169910e-01
6.364105232134265044e-01 -6.720709718465776861e-02 2.836851899574489022e-01 -7.439535235849227268e-01 1.598249861887541812e-01 -9.376612462682357707e-01
6.011662637234459483e-01 -6.308445928606522257e-02 2.607736291017791475e-01 -6.832289164483228427e-01 1.629893972911176936e-01 -9.365062786579141374e-01
5.923837836604206597e-01 -6.162715582467291620e-02 2.548419727407729152e-01 -6.675681760370327789e-01 1.617299453977270318e-01 -9.361498146740752091e-01
5.657828009604044528e-01 -5.859499772915856275e-02 2.389598173360800992e-01 -6.257077016012061454e-01 1.472522025917981370e-01 -9.325201190072951452e-01
5.613497540449589041e-01 -5.755166555125764555e-02 2.370810715616356312e-01 -6.240334844364440192e-01 1.096820123563446853e-01 -9.394513535093179657e-01
4.961955061589797822e-01 -5.060063075937253768e-02 2.091809332749963724e-01 -5.561526690768104908e-01 5.484869083189213707e-02 -9.555189408376257854e-01
4.943070159076971004e-01 -5.016812985795755103e-02 2.042072103913272207e-01 -5.508639112934092807e-01 -2.416216332860899804e-02 -9.631372420922402755e-01
4.758463335857998633e-01 -4.817091189668112200e-02 1.984479724780037480e-01 -5.460215322179543529e-01 -1.371540672710350184e-01 -9.684711931258912498e-01
4.728556998631319730e-01 -4.766838535440482555e-02 1.944492861281087170e-01 -5.472102296837453306e-01 -2.297554239165069401e-01 -9.552775413213958622e-01
4.696598753872536780e-01 -4.706446929307070426e-02 1.916122050948995681e-01 -5.498527452636003954e-01 -2.999569152700258257e-01 -9.378966839034078573e-01
4.520810078970441959e-01 -4.505692999821849648e-02 1.828044361154525232e-01 -5.355194849573410298e-01 -3.589532598920945339e-01 -9.201687517892547241e-01
4.555611788958611741e-01 -4.527230587788041299e-02 1.821608534637114418e-01 -5.440197492808864776e-01 -3.930778414287771083e-01 -9.026853010773953079e-01
4.562363111420898454e-01 -4.561923552885958216e-02 1.853408384293148414e-01 -5.625661218642264982e-01 -4.165453663043539034e-01 -9.000153523156484425e-01
4.566554664085654136e-01 -4.619965029791529149e-02 1.835229717406637595e-01 -5.668304646669454216e-01 -4.211802011563556269e-01 -8.928960315195444419e-01
4.573291095576220155e-01 -4.812687096953675858e-02 1.854030925779548977e-01 -5.802987986180335733e-01 -4.156474206013726636e-01 -8.981466786346941067e-01
4.701765009581705401e-01 -5.273698138020040116e-02 1.982361573352544037e-01 -6.261241902532399539e-01 -4.020448609723585309e-01 -9.091722306618847949e-01
4.874723541589123799e-01 -5.906527645956610034e-02 2.126105579365090426e-01 -6.774823023613287809e-01 -3.858965711308017243e-01 -9.111698413600224367e-01
5.009980546239042321e-01 -6.446259595852749102e-02 2.248015876651726086e-01 -7.220277750639927383e-01 -3.742711536765687685e-01 -9.139202791072599252e-01
5.276308441455477283e-01 -7.070045017646899022e-02 2.362780575676050321e-01 -7.651763425100852611e-01 -3.589045035804860895e-01 -9.161556247579000223e-01
5.535504310581145226e-01 -8.041877364785203486e-02 2.451541316040311280e-01 -7.946631946016388115e-01 -3.509066741538970358e-01 -9.199238580784688812e-01
5.933934706317486318e-01 -8.669191431166867190e-02 2.494523020875707153e-01 -8.075562333634197509e-01 -3.399427852969363339e-01 -9.193590671848933527e-01
6.023965849049862653e-01 -9.197611571805229536e-02 2.508276573687192035e-01 -8.081414498360435239e-01 -3.230577259218418984e-01 -9.222033170038972383e-01
6.174796054756431785e-01 -9.405591459800798082e-02 2.489645699420947600e-01 -8.002477348217479358e-01 -3.119794812460157107e-01 -9.239468280008390488e-01
6.270936446829185051e-01 -9.491069184386242974e-02 2.472456389366634311e-01 -7.923268866197390459e-01 -2.978672073922710162e-01 -9.279482021646477952e-01
6.328455524757291561e-01 -9.605911173489899146e-02 2.481743926008806445e-01 -7.921930312903416871e-01 -2.825937929484909628e-01 -9.332058428271983175e-01
6.340296839479092617e-01 -9.544549368257275457e-02 2.462964764651963956e-01 -7.839303842041603909e-01 -2.685353881384680008e-01 -9.375705300979633172e-01
6.350536471832162189e-01 -9.599697797520224951e-02 2.463981314167495995e-01 -7.814583295541006613e-01 -2.468608224143428731e-01 -9.432903556311964532e-01
6.371432945693232819e-01 -9.576182337969708913e-02 2.469069185749786233e-01 -7.804999980812330485e-01 -2.204650459278581498e-01 -9.481840901841290803e-01
6.407685931493007914e-01 -9.563329014891659707e-02 2.462976702335974433e-01 -7.768749322474520769e-01 -1.933142006975416827e-01 -9.532278182594753346e-01
6.414141079640482968e-01 -9.490844049247144920e-02 2.445154598984958516e-01 -7.713413089205797268e-01 -1.786208923833545459e-01 -9.572708900690176659e-01
6.364724015163111259e-01 -9.352677011628399151e-02 2.429386893566838623e-01 -7.661168410006250484e-01 -1.713820887315508079e-01 -9.565938441644270540e-01
6.183916471020367567e-01 -9.021375003400400328e-02 2.280323239948117142e-01 -7.193707732150466105e-01 -1.654205528108984580e-01 -9.516771945957468448e-01
6.157775285778888108e-01 -8.933135940743376635e-02 2.271103712343841841e-01 -7.172209326120743134e-01 -1.601985060137686989e-01 -9.536747872779618440e-01
6.127028333431151497e-01 -8.826918949207136766e-02 2.232934203202470436e-01 -7.068115107652542806e-01 -1.579466340862824836e-01 -9.535841250541946534e-01
6.127028333431151497e-01 -8.826918949207136766e-02 2.232934203202470436e-01 -7.068115107652542806e-01 -1.579466340862824836e-01 -9.535841250541946534e-01
5.902771779408944042e-01 -8.457065386440214272e-02 2.177496032117891556e-01 -6.926567766748485955e-01 -1.555307781734752426e-01 -9.558236984061848629e-01
5.713493553971960015e-01 -8.159126913870022590e-02 2.063421939528991833e-01 -6.596117509859384942e-01 -1.525400400351630270e-01 -9.597104738144052183e-01
5.449984030145866853e-01 -7.713017192394000521e-02 1.964807772072471592e-01 -6.349259777499203228e-01 -1.581364527081761118e-01 -9.643471622126207343e-01
5.140096581824580291e-01 -7.230711203328289705e-02 1.736842432801818659e-01 -5.698381606695315238e-01 -1.760605743454141392e-01 -9.653050959465783176e-01
5.066596804898076956e-01 -7.077969873660999722e-02 1.717121303098097240e-01 -5.718981416293926756e-01 -2.032790368944448756e-01 -9.611586609377908985e-01
5.014707181299183913e-01 -6.958930786156390658e-02 1.693357389211811170e-01 -5.751530742107968663e-01 -2.358041755603238476e-01 -9.540918027800860957e-01
4.942975159768284721e-01 -6.814641419712144654e-02 1.648129334438691584e-01 -5.699959795299492926e-01 -2.745901946180777653e-01 -9.488147087235521138e-01
4.713927651032063793e-01 -6.451944832815745268e-02 1.514853135091702163e-01 -5.330163422181781741e-01 -3.034180400220994334e-01 -9.424918200791065903e-01
4.687824172671061218e-01 -6.383566168527830820e-02 1.513454538164083207e-01 -5.393486396940653238e-01 -3.347660542159628938e-01 -9.299893254145394916e-01
4.498588052420559036e-01 -6.092117130203316550e-02 1.444488676805085470e-01 -5.206373432044697491e-01 -3.673104688656028127e-01 -9.206543810514041803e-01
4.502716172990678944e-01 -6.088834486446728644e-02 1.457643616222915328e-01 -5.293758248235663766e-01 -3.874281299850264038e-01 -9.183911062835810046e-01
4.373357215907751061e-01 -6.010013429488395703e-02 1.420426808303205946e-01 -5.201149044359334450e-01 -3.998083736934470722e-01 -9.111916505403561128e-01
4.373357215907751061e-01 -6.010013429488395703e-02 1.420426808303205946e-01 -5.201149044359334450e-01 -3.998083736934470722e-01 -9.111916505403561128e-01
4.379637615140097306e-01 -6.227088005002161253e-02 1.431291397608678573e-01 -5.292150944848474925e-01 -4.108548744465831959e-01 -9.092071679869049294e-01
4.372182518829394460e-01 -6.210221688902696491e-02 1.447031346841796962e-01 -5.394769240684447187e-01 -4.128281685067964335e-01 -9.071175539538249843e-01
4.412353870981906567e-01 -6.628781489049596909e-02 1.488037563433131649e-01 -5.620841278659279849e-01 -4.171285291553458174e-01 -9.042445732221410237e-01
4.539780358801897564e-01 -7.052089233298129700e-02 1.618907825234410791e-01 -6.226398293126148564e-01 -4.032648352742577158e-01 -9.116310861120515696e-01
