-5.597921314827140060e-01 -4.757765692622958897e-01 2.134220904015884379e+00 9.823358701124443315e-02 -4.938451116096574944e-01 2.043347366043192892e+00 -4.456466757788523081e-01 1.412397132285102552e-01 2.143754426716308448e+00 2.323194466999545515e-01 -3.096363916921016785e-02 2.089937707597206984e+00 -4.614697177176136367e-01 6.708178819680629124e-01 2.221890317247682489e+00 1.618891407849185338e-01 5.995659956136329960e-01 2.133678058900343455e+00
-5.546424899572919287e-01 -4.798662177945134943e-01 2.134701751043362350e+00 1.020354472615643826e-01 -5.024277108012314974e-01 2.063298636400026531e+00 -4.339299111246421869e-01 1.337850272012867381e-01 2.103074217385173750e+00 2.333003236036902683e-01 -3.479441898513652154e-02 2.078196317398143478e+00 -4.553061372460561196e-01 6.598018531899263461e-01 2.212030116007058123e+00 1.679559011247331868e-01 6.134594246598064071e-01 2.195197473885855732e+00
-5.494920665149168881e-01 -4.839598376828713189e-01 2.135193104462170588e+00 1.071708592670001653e-01 -5.062306078725293812e-01 2.063288772439756613e+00 -4.341265464024790521e-01 1.306033339591658460e-01 2.129608588378124612e+00 2.375029210877067087e-01 -3.662603704441935032e-02 2.083227100489041916e+00 -4.417360903946593309e-01 6.399234355208346381e-01 2.158307854966872164e+00 1.676638564388823749e-01 5.941095363300369359e-01 2.138805147948640073e+00
-5.495742609073596130e-01 -4.880039889195166847e-01 2.135624184573090112e+00 1.085999945839311448e-01 -5.060803389512212869e-01 2.047110466432708886e+00 -4.341353623697429276e-01 1.266293732928952809e-01 2.129584742094212224e+00 2.385784427697458798e-01 -3.870141331134836077e-02 2.078946578741278639e+00 -4.417243379435314421e-01 6.359105605401810246e-01 2.158083524964045541e+00 1.676638510140414651e-01 5.901397305164338691e-01 2.138610393317150304e+00
-5.496564289440349915e-01 -4.920493531905177353e-01 2.136055578708387248e+00 1.089783752571478748e-01 -5.105965481442956699e-01 2.047828092907031383e+00 -4.341450781512466439e-01 1.226554845834465640e-01 2.129566897777022128e+00 2.385576372997446626e-01 -4.259693799361146532e-02 2.078749861706381985e+00 -4.417127187225725060e-01 6.318980869356063401e-01 2.157859860544556696e+00 1.666293222338704194e-01 5.848134589181019916e-01 2.126394625962806373e+00
-5.435503070537571757e-01 -4.918192350622413445e-01 2.115361251693962164e+00 1.071887485921609873e-01 -5.178870783678043432e-01 2.064147531232909838e+00 -4.420752681775820259e-01 1.208822872494704354e-01 2.149724508801944545e+00 2.309970682109799278e-01 -4.510503154413445653e-02 2.033412921047592636e+00 -4.532039812436651216e-01 6.394617241615159209e-01 2.200958904143129224e+00 1.595384849440429631e-01 5.730818372675594574e-01 2.083957567516670384e+00
-5.603698450363034933e-01 -5.040798336813038238e-01 2.137194012687106959e+00 9.837906141854486919e-02 -5.212680141515924070e-01 2.047248074895187120e+00 -4.597516413078152619e-01 1.147078319767250304e-01 2.189232315621009839e+00 2.279397957388463736e-01 -5.035405240433438873e-02 2.076592292411658214e+00 -4.660989970588863551e-01 6.378203747205938301e-01 2.216588576727312354e+00 1.540669507778982816e-01 5.836119882411791027e-01 2.133614136382423698e+00
-5.911651960418187191e-01 -5.260665473107416501e-01 2.128775730532857402e+00 6.640175538492976148e-02 -5.357573130178137077e-01 2.009687342278929201e+00 -4.759300441009283733e-01 9.229070845033629511e-02 2.098525688582546067e+00 1.922416855882844722e-01 -6.710973627366648153e-02 2.031379115810310054e+00 -5.044247471355409740e-01 6.201745471816944022e-01 2.216595930840433049e+00 1.216945323460293105e-01 5.871974176019710834e-01 2.194247815165979443e+00
-6.041943203737414336e-01 -5.245975593030806072e-01 2.072237301992088110e+00 4.262977850007731301e-02 -5.450016599340914425e-01 2.002555263408066555e+00 -5.122132990961685284e-01 8.493931938323448505e-02 2.137004959432239559e+00 1.648308836050441650e-01 -7.212123965968800232e-02 1.987006512384172252e+00 -5.302044001679835361e-01 6.095376221010316842e-01 2.206925979871191323e+00 9.298163338503399877e-02 5.670116473731987572e-01 2.128902003962045431e+00
-6.552920901561952727e-01 -5.437116547846632120e-01 2.073733104133431482e+00 6.105340425545609283e-04 -5.496662164611233470e-01 1.961337731248251615e+00 -5.496001980700807588e-01 7.227175723850001732e-02 2.088994581526828487e+00 1.209041437053458845e-01 -8.179708325965084903e-02 1.967191249255219709e+00 -5.572159178007634051e-01 5.777274279391242384e-01 2.114509563344309839e+00 4.543717640557127374e-02 5.476303369404417198e-01 2.073663800269167634e+00
-6.905243689491233905e-01 -5.582438932968125656e-01 2.096654694456995038e+00 -2.290287775500022757e-02 -5.579976646562115894e-01 1.964323276214929637e+00 -5.677444489460974353e-01 6.791209107456495919e-02 2.048101913891625880e+00 9.873925262414851023e-02 -8.546286364685316828e-02 1.967417079778449818e+00 -6.147592248919470093e-01 6.071128845315539868e-01 2.217137956207264615e+00 2.100935270754276940e-02 5.550136398191645171e-01 2.094917153329571846e+00
-6.927178984715387511e-01 -5.511597207125464859e-01 2.049652902881654359e+00 -3.459042570963057756e-02 -5.588423818594216996e-01 1.946724703684426405e+00 -5.873887428898701968e-01 6.628478138852561541e-02 2.059571472838305439e+00 8.688319872568403546e-02 -8.729151102694537867e-02 1.966845967987370436e+00 -6.191991738180360194e-01 5.949809822925534730e-01 2.165993516162313171e+00 9.458698530339379809e-03 5.504739468342674247e-01 2.072859795394529137e+00
-7.029578229030213343e-01 -5.498215102290849865e-01 2.007527662850341343e+00 -5.177348177558006165e-02 -5.684120415946140037e-01 1.941994663951534417e+00 -6.161299719894542948e-01 6.410177807750909451e-02 2.080505651258948152e+00 7.027959822046540850e-02 -8.897658102866716490e-02 1.899254635107290534e+00 -6.299896946974778977e-01 5.844970054401832371e-01 2.121840111290997921e+00 -6.169064768856435260e-03 5.502846382798384228e-01 2.052192102716509758e+00
-7.264212134509823171e-01 -5.858510911969841972e-01 2.040010356926056811e+00 -5.145483962849993487e-02 -5.794631935607051920e-01 1.886964136799782921e+00 -6.173398829012248790e-01 4.511119271534195369e-02 2.058787408281978593e+00 6.979148242450980422e-02 -1.051427097036996966e-01 1.887367925637618793e+00 -6.184969804911722990e-01 5.589073513453923781e-01 2.072542484684636754e+00 -7.254639428620044198e-03 5.218829754017374478e-01 1.986625277382506161e+00
-7.177923009573078383e-01 -5.934517122753314444e-01 2.009219315951439100e+00 -4.457771086256374915e-02 -5.750390818064022858e-01 1.814671139664437494e+00 -5.944126100228510623e-01 3.603820884875996722e-02 1.985089692225304070e+00 7.709058126190572457e-02 -1.148722869882744801e-01 1.862515912496957027e+00 -6.184852230013060392e-01 5.550700567203257219e-01 2.072381324496051391e+00 -2.314509274298665997e-03 5.220590928986494905e-01 1.987294603282005134e+00
-7.063633445752629525e-01 -5.942112088017196259e-01 1.980575958520791602e+00 -3.954527893728546767e-02 -5.879476631899258621e-01 1.821883580352571474e+00 -5.874278428695955956e-01 3.406367859548892207e-02 1.966609418831336997e+00 8.566859192999576322e-02 -1.157106504306983641e-01 1.833205071171902789e+00 -6.133804508144518053e-01 5.550847913844358938e-01 2.072255100606903433e+00 8.570798542885553484e-03 5.119920580027889079e-01 1.938757619224303008e+00
-5.372111814190054790e-01 -5.949878177385738987e-01 2.018490716379218952e+00 1.063593612517563097e-01 -5.754842990339841258e-01 1.731896251880001181e+00 -4.102357541649163664e-01 3.062036122335121818e-02 1.962774141389001858e+00 2.353529149240003726e-01 -1.185272503298873958e-01 1.775638961245760594e+00 -4.159097091604235241e-01 5.355867536663450057e-01 2.028541345580133992e+00 1.740058242597892213e-01 5.149320248275734979e-01 1.914473899621262909e+00
-5.131075575980363901e-01 -6.084522818475316397e-01 2.102342121626218141e+00 1.326934103038303614e-01 -5.862883535021304882e-01 1.773620056651746157e+00 -3.914261554453899450e-01 3.325581810943520344e-02 2.080776364177239213e+00 2.611890229703774380e-01 -1.195020255449201901e-01 1.800792248137391027e+00 -3.911010070263960525e-01 5.523892916299556477e-01 2.124242452021310346e+00 1.996132471446230849e-01 5.160373550221293293e-01 1.912867696060521094e+00
-4.903427964312653820e-01 -5.650343312930272699e-01 2.142133723335615691e+00 1.138234230294947052e-01 -5.528580445930629805e-01 1.782101287301124826e+00 -3.784877194578225579e-01 5.704473761856606456e-02 2.125319508801399859e+00 2.437422575755466281e-01 -9.316121960351310405e-02 1.829563665320516730e+00 -3.751209135881118928e-01 5.699771135185008886e-01 2.175735364291917495e+00 1.878353348819570834e-01 5.431483932706691053e-01 1.927862615762192089e+00
-4.046386175050480372e-01 -5.545663292904049468e-01 2.250109532737805562e+00 1.733685717576526064e-01 -5.399543920079306059e-01 1.825144530221147976e+00 -2.978336216150476168e-01 7.819522092206102060e-02 2.213098777202773704e+00 2.882725677010558041e-01 -6.865125651352183000e-02 1.775513367969534739e+00 -2.970736810675235762e-01 6.029791007448545015e-01 2.267907810119935252e+00 2.447642591762312081e-01 5.648965558076421978e-01 1.930803795684163937e+00
-3.964363118821073173e-01 -5.489654122127691771e-01 2.214174380450771196e+00 1.769632274990703413e-01 -5.406967709454369997e-01 1.817651024666367743e+00 -2.860759374279470690e-01 7.309385143666359552e-02 2.125328901700310968e+00 3.006590826453800491e-01 -7.273928210452780541e-02 1.837050446961313144e+00 -2.969660116108405745e-01 5.985489722004759816e-01 2.266878921750534293e+00 2.459096253181765890e-01 5.680825413866456008e-01 1.936188058127580547e+00
-3.985114089000956761e-01 -5.461570527060100044e-01 2.158854234387905802e+00 1.645843653235515847e-01 -5.492416877884356285e-01 1.816821742173377885e+00 -3.088568853640689671e-01 6.574350795658250035e-02 2.212967632125994122e+00 2.847872578600071369e-01 -7.908548243047169857e-02 1.803286515441449467e+00 -3.078256210077518484e-01 5.893636293018160721e-01 2.263807083324711922e+00 2.319862349145475067e-01 5.590793566026475148e-01 1.929226602096603793e+00
-5.333795326885110155e-01 -6.051523326873873287e-01 2.075390859937495058e+00 7.346364377573723348e-02 -5.936020287012222507e-01 1.769220937660963111e+00 -4.289878635335218626e-01 1.591805309583953221e-02 2.076729125087525496e+00 1.937760809379228955e-01 -1.215146937543223338e-01 1.770577904604224706e+00 -4.404620569463370550e-01 5.303336327137074813e-01 2.159045662333794802e+00 1.297193559767244875e-01 5.028523357107488323e-01 1.882089882663797287e+00
-4.055251297495731100e-01 -5.688216737240084919e-01 1.844077706436906494e+00 2.374856113594938367e-01 -5.715558151797821562e-01 1.692849649454767569e+00 -3.029109003260155308e-01 5.060015297466841089e-02 1.827619401667955001e+00 3.562467784066122301e-01 -9.581398613630116856e-02 1.683885665740873616e+00 -3.266897277285246148e-01 5.692310297567784172e-01 1.918585803116477972e+00 2.804530037864549352e-01 5.354058782141830619e-01 1.781196772675416096e+00
-4.755133999006627143e-01 -4.678125938304402709e-01 1.769166541124337355e+00 1.821889069778230841e-01 -4.846432898715021254e-01 1.682933845541437101e+00 -3.743868261847401180e-01 1.520014677856950935e-01 1.722416083353364380e+00 2.935780128090874630e-01 -2.005216968692726497e-03 1.607466446353922329e+00 -3.976463685829182415e-01 6.705143516080994681e-01 1.749583631658882865e+00 2.152205905198071034e-01 6.312841457563435066e-01 1.665408555156328685e+00
-5.165373280793563726e-01 -5.839586939289119760e-01 1.771591680901194010e+00 1.401715740820413114e-01 -5.884340958683350609e-01 1.683112955173063474e+00 -4.227525870912826611e-01 3.328678094504263635e-02 1.660997429776446266e+00 2.579513016960031657e-01 -1.225357493257064195e-01 1.623977282868860561e+00 -4.472083604109969857e-01 5.488230956736535049e-01 1.622882661373137081e+00 1.673033261818950845e-01 4.936571591362032274e-01 1.523443231659856956e+00
-5.074762707082204338e-01 -7.053530284148702423e-01 1.965626495959692299e+00 1.653883009049211816e-01 -6.989299691022841099e-01 1.888942444059690917e+00 -4.083416715564990862e-01 -8.139246906138207505e-02 1.725607095465992558e+00 2.761664001569429927e-01 -2.278189363344921559e-01 1.753042651443733391e+00 -4.353101881779756210e-01 4.149369708545546098e-01 1.593737187842599212e+00 1.746626888804702071e-01 3.861698645588883538e-01 1.566466536278225963e+00
-4.937638384119032442e-01 -6.553495037822073543e-01 2.062559534374272641e+00 1.757169580359263794e-01 -6.273559292778152496e-01 1.974208840961636069e+00 -4.090589710540972201e-01 -5.511030760452466370e-02 1.784234017203538247e+00 2.742610609808556199e-01 -1.751071073357298169e-01 1.788907185979327963e+00 -4.460001699711531042e-01 4.273936468136778077e-01 1.597654786558684759e+00 1.635738973248861416e-01 4.110652129598478255e-01 1.573449451856420822e+00
-5.009634110776012283e-01 -7.108246219215411665e-01 2.037311068536196146e+00 1.660874051000663099e-01 -6.987694397865076290e-01 2.023594549866664316e+00 -4.281135734199341125e-01 -1.113525114881555034e-01 1.805215853309825258e+00 2.601082829175075939e-01 -2.256591498782236083e-01 1.787211595883275495e+00 -4.626367860123802855e-01 3.773679792986321946e-01 1.606205968828806618e+00 1.508692684546770746e-01 3.608321773827379841e-01 1.578511025516313504e+00
-5.057520651944812373e-01 -7.660044338228811922e-01 1.984833364487001539e+00 1.562002813843047511e-01 -7.592184927424728835e-01 1.980555767222210939e+00 -4.226647205657699802e-01 -1.627349854969463994e-01 1.735719708278651074e+00 2.554574358073138929e-01 -2.905123180935352267e-01 1.800931069013935071e+00 -4.640721734905697837e-01 3.227580354773330051e-01 1.592235930144683120e+00 1.484604720311545889e-01 3.122833962821154885e-01 1.605409626312130467e+00
