0.000000000000000000e+00 0.000000000000000000e+00 0.000000000000000000e+00 0.000000000000000000e+00
4.086259650648571551e-05 9.887887835502624512e-01 1.117031369358301163e-02 8.252410659224929373e-16
3.487550202407874167e-05 9.928874373435974121e-01 7.077628746628761292e-03 4.359234416616167371e-16
3.271271634730510414e-05 9.950946569442749023e-01 4.872668068856000900e-03 3.109646943596892660e-16
3.665385156637057662e-05 9.947998523712158203e-01 5.163506139069795609e-03 5.200221136813848108e-16
4.600315151037648320e-05 9.948799610137939453e-01 5.074015352874994278e-03 9.519647651887023533e-16
5.995711035211570561e-05 9.957317709922790527e-01 4.208329599350690842e-03 1.298911895603787128e-15
7.326714694499969482e-05 9.959971904754638672e-01 3.929541911929845810e-03 1.199446616552727555e-15
8.587812772020697594e-05 9.953946471214294434e-01 4.519415087997913361e-03 1.834131262666571782e-15
9.522959589958190918e-05 9.945346117019653320e-01 5.370171740651130676e-03 3.715257183796233029e-15
1.068273923010565341e-04 9.913160800933837891e-01 8.577128872275352478e-03 1.302613768396467323e-14
1.422734785592183471e-04 9.800627827644348145e-01 1.979498937726020813e-02 9.028357488699567668e-14
1.959894143510609865e-04 9.471629261970520020e-01 5.264109000563621521e-02 8.710871108631723647e-13
2.247242373414337635e-04 8.844526410102844238e-01 1.153226345777511597e-01 7.276295017899503392e-12
2.784532262012362480e-04 7.421883940696716309e-01 2.575331926345825195e-01 1.243162517372553566e-10
3.269920125603675842e-04 4.881943762302398682e-01 5.114786624908447266e-01 2.543236288232719744e-09
2.568763738963752985e-04 2.186269462108612061e-01 7.811160683631896973e-01 5.576990602662590391e-08
1.610022009117528796e-04 7.781424373388290405e-02 9.220238327980041504e-01 9.031051604324602522e-07
9.197634062729775906e-05 2.633630111813545227e-02 9.735627174377441406e-01 8.935543519328348339e-06
5.997761036269366741e-05 1.079565566033124924e-02 9.890664815902709961e-01 7.791411189828068018e-05
4.804316631634719670e-05 5.494839511811733246e-03 9.936385750770568848e-01 8.185221813619136810e-04
5.278155731502920389e-05 4.598706960678100586e-03 9.919230341911315918e-01 3.425485920161008835e-03
7.038885814836248755e-05 4.962795879691839218e-03 9.883762001991271973e-01 6.590588018298149109e-03
8.951275958679616451e-05 5.185094196349382401e-03 9.818910956382751465e-01 1.283426489681005478e-02
1.021236967062577605e-04 4.839388653635978699e-03 9.673287272453308105e-01 2.772983163595199585e-02
1.302798918914049864e-04 5.297798197716474533e-03 9.248313903808593750e-01 6.974051892757415771e-02
1.677416439633816481e-04 6.729015149176120758e-03 9.237461686134338379e-01 6.935705244541168213e-02
2.337300102226436138e-04 9.749938733875751495e-03 9.551210999488830566e-01 3.489529341459274292e-02
3.162686189170926809e-04 1.352432556450366974e-02 9.581444263458251953e-01 2.801502496004104614e-02
5.266935331746935844e-04 2.597755566239356995e-02 9.611004590988159180e-01 1.239527855068445206e-02
1.014263718388974667e-03 6.023852899670600891e-02 9.336580038070678711e-01 5.089202895760536194e-03
1.916368491947650909e-03 1.423710882663726807e-01 8.539711236953735352e-01 1.741394051350653172e-03
2.789524383842945099e-03 2.420433312654495239e-01 7.544041872024536133e-01 7.629572646692395210e-04
3.544514998793601990e-03 3.526771068572998047e-01 6.433955430984497070e-01 3.828247718047350645e-04
4.001040477305650711e-03 4.289720654487609863e-01 5.667816400527954102e-01 2.452629560139030218e-04
4.311593715101480484e-03 4.875825941562652588e-01 5.079240798950195312e-01 1.817574229789897799e-04
4.274079110473394394e-03 5.150973200798034668e-01 4.804676175117492676e-01 1.610066683497279882e-04
4.197303205728530884e-03 5.820885896682739258e-01 4.136072397232055664e-01 1.068600831786170602e-04
4.135898780077695847e-03 6.329222917556762695e-01 3.628644645214080811e-01 7.743699097773060203e-05
4.279497079551219940e-03 6.938613057136535645e-01 3.018088340759277344e-01 5.049709943705238402e-05
4.496134817600250244e-03 7.072600722312927246e-01 2.881976962089538574e-01 4.615167927113361657e-05
4.539768211543560028e-03 6.270684599876403809e-01 3.683165013790130615e-01 7.528804417233914137e-05
4.227635450661182404e-03 4.930620789527893066e-01 5.025553107261657715e-01 1.548540167277678847e-04
3.765014931559562683e-03 3.898920714855194092e-01 6.061196327209472656e-01 2.232277620350942016e-04
3.038835478946566582e-03 2.997905611991882324e-01 6.968705654144287109e-01 3.000801953021436930e-04
2.505902433767914772e-03 2.365790903568267822e-01 7.604964375495910645e-01 4.185399739071726799e-04
2.106509637087583542e-03 1.882841289043426514e-01 8.090016245841979980e-01 6.077820435166358948e-04
1.720982836559414864e-03 1.384160965681076050e-01 8.587477803230285645e-01 1.115124556235969067e-03
1.263874117285013199e-03 8.407284319400787354e-02 9.120485186576843262e-01 2.614781493321061134e-03
9.371865307912230492e-04 5.022149533033370972e-02 9.425650835037231445e-01 6.276226136833429337e-03
7.600612007081508636e-04 3.244779258966445923e-02 9.512434601783752441e-01 1.554867997765541077e-02
6.513713742606341839e-04 2.324475720524787903e-02 9.400555491447448730e-01 3.604833409190177917e-02
6.196194444783031940e-04 1.926369965076446533e-02 8.841471076011657715e-01 9.596955031156539917e-02
5.320566706359386444e-04 1.468874234706163406e-02 6.718426346778869629e-01 3.129366636276245117e-01
4.278027918189764023e-04 1.098947785794734955e-02 4.777820110321044922e-01 5.108007192611694336e-01
5.076057859696447849e-04 1.387340575456619263e-02 5.417504310607910156e-01 4.438685476779937744e-01
7.669834885746240616e-04 2.697135880589485168e-02 8.258867263793945312e-01 1.463749259710311890e-01
8.574089151807129383e-04 3.648067265748977661e-02 9.095885157585144043e-01 5.307333543896675110e-02
8.926242007873952389e-04 4.101284220814704895e-02 9.188116788864135742e-01 3.928295150399208069e-02
7.854123250581324100e-04 3.527594730257987976e-02 9.199879169464111328e-01 4.395066946744918823e-02
6.485485937446355820e-04 2.641974389553070068e-02 9.057971239089965820e-01 6.713462620973587036e-02
5.824787658639252186e-04 2.252592705190181732e-02 8.964177966117858887e-01 8.047375082969665527e-02
5.457949591800570488e-04 1.913426443934440613e-02 8.920724987983703613e-01 8.824740350246429443e-02
5.117041291669011116e-04 1.587277837097644806e-02 8.745064735412597656e-01 1.091091185808181763e-01
4.785447381436824799e-04 1.332505326718091965e-02 8.565670847892761230e-01 1.296293139457702637e-01
4.055808531120419502e-04 1.030666846781969070e-02 7.954922318458557129e-01 1.937955170869827271e-01
2.965932362712919712e-04 6.555602420121431351e-03 6.770682930946350098e-01 3.160795271396636963e-01
2.147967607015743852e-04 4.248035140335559845e-03 5.612138509750366211e-01 4.343232810497283936e-01
1.753590622683987021e-04 3.373037325218319893e-03 5.122725367546081543e-01 4.841790795326232910e-01
1.509957655798643827e-04 2.739974996075034142e-03 4.550472497940063477e-01 5.420618057250976562e-01
1.521789963589981198e-04 2.701081102713942528e-03 4.279858171939849854e-01 5.691608786582946777e-01
2.859487722162157297e-04 5.891676060855388641e-03 7.050169706344604492e-01 2.888054251670837402e-01
4.416673909872770309e-04 1.289042457938194275e-02 9.555518627166748047e-01 3.111607022583484650e-02
7.197415106929838657e-04 3.194427117705345154e-02 9.603127837181091309e-01 7.023171987384557724e-03
1.191498711705207825e-03 7.576709985733032227e-02 9.205464124679565430e-01 2.494955435395240784e-03
1.413732068613171577e-03 1.145661100745201111e-01 8.824799060821533203e-01 1.540243159979581833e-03
1.290024956688284874e-03 1.183531358838081360e-01 8.787416815757751465e-01 1.615062938071787357e-03
9.976750006899237633e-04 8.652384579181671143e-02 9.100995659828186035e-01 2.378866542130708694e-03
7.048003608360886574e-04 5.307151749730110168e-02 9.422044157981872559e-01 4.019216634333133698e-03
4.623960994649678469e-04 2.943249233067035675e-02 9.627807140350341797e-01 7.324392907321453094e-03
3.539875615388154984e-04 1.931650191545486450e-02 9.669123888015747070e-01 1.341709960252046585e-02
3.148727410007268190e-04 1.626093871891498566e-02 9.693248271942138672e-01 1.409934274852275848e-02
2.915695367846637964e-04 1.372292265295982361e-02 9.710243940353393555e-01 1.496106851845979691e-02
2.685926738195121288e-04 1.281412038952112198e-02 9.749729633331298828e-01 1.194435264915227890e-02
2.386196720181033015e-04 1.196009200066328049e-02 9.786836504936218262e-01 9.117593988776206970e-03
2.285762457177042961e-04 1.177456695586442947e-02 9.816346764564514160e-01 6.362244952470064163e-03
2.140496217180043459e-04 1.050482969731092453e-02 9.839220046997070312e-01 5.359121132642030716e-03
1.959106157300993800e-04 9.048735722899436951e-03 9.854980707168579102e-01 5.257300101220607758e-03
1.868300314527004957e-04 8.188902400434017181e-03 9.849252104759216309e-01 6.699081044644117355e-03
1.701782166492193937e-04 7.051367778331041336e-03 9.808386564254760742e-01 1.193974819034337997e-02
1.448070979677140713e-04 5.596003960818052292e-03 9.663119316101074219e-01 2.794727869331836700e-02
1.412622077623382211e-04 5.055509973317384720e-03 8.865680694580078125e-01 1.082351580262184143e-01
1.165675275842659175e-04 3.947502002120018005e-03 6.290974617004394531e-01 3.668384850025177002e-01
8.385637192986905575e-05 2.685161540284752846e-03 4.241583645343780518e-01 5.730726718902587891e-01
8.950552728492766619e-05 2.774978289380669594e-03 4.508948028087615967e-01 5.462406873703002930e-01
1.188801616081036627e-04 3.775387303903698921e-03 6.346367597579956055e-01 3.614690005779266357e-01
1.346618955722078681e-04 4.485924728214740753e-03 8.035127520561218262e-01 1.918666213750839233e-01
1.275044778594747186e-04 4.325032699853181839e-03 8.780881762504577637e-01 1.174593344330787659e-01
1.164608911494724452e-04 4.084582440555095673e-03 9.219565391540527344e-01 7.384243607521057129e-02
1.125861817854456604e-04 3.996246028691530228e-03 9.392012953758239746e-01 5.668978765606880188e-02
1.086295160348527133e-04 3.749672556295990944e-03 9.209725260734558105e-01 7.516919821500778198e-02
1.019304327201098204e-04 2.978713018819689751e-03 8.542540073394775391e-01 1.426653861999511719e-01
8.626464114058762789e-05 2.116141142323613167e-03 7.198846936225891113e-01 2.779129445552825928e-01
5.702147609554231167e-05 1.231164205819368362e-03 4.887217283248901367e-01 5.099900960922241211e-01
4.652123971027322114e-05 9.391218773089349270e-04 4.168550968170166016e-01 5.821592211723327637e-01
3.570217450032941997e-05 6.862967275083065033e-04 3.245900273323059082e-01 6.746880412101745605e-01
2.583544483059085906e-05 4.677818214986473322e-04 2.159402519464492798e-01 7.835661172866821289e-01
5.945239900029264390e-05 1.203608000651001930e-03 4.678958058357238770e-01 5.308411121368408203e-01
1.025348028633743525e-04 2.496445784345269203e-03 7.955410480499267578e-01 2.018599957227706909e-01
1.268554769922047853e-04 3.828335320577025414e-03 9.529903531074523926e-01 4.305445402860641479e-02
1.548467844258993864e-04 5.710596684366464615e-03 9.701364636421203613e-01 2.399800531566143036e-02
1.768272049957886338e-04 7.611349690705537796e-03 9.742016792297363281e-01 1.801012828946113586e-02
1.771186362020671368e-04 7.872472517192363739e-03 9.717600941658020020e-01 2.019037678837776184e-02
1.611067855264991522e-04 7.097868248820304871e-03 9.660302996635437012e-01 2.671074494719505310e-02
1.630332408240064979e-04 6.709042936563491821e-03 9.579854011535644531e-01 3.514248877763748169e-02
1.717627019388601184e-04 6.850160658359527588e-03 9.524779915809631348e-01 4.050009325146675110e-02
1.643511059228330851e-04 6.034958641976118088e-03 9.410659074783325195e-01 5.273484438657760620e-02
1.664114679442718625e-04 5.701789632439613342e-03 9.114406704902648926e-01 8.269120007753372192e-02
1.719930296530947089e-04 5.718284286558628082e-03 9.031902551651000977e-01 9.091953933238983154e-02
1.688929041847586632e-04 5.444623995572328568e-03 9.216729998588562012e-01 7.271345704793930054e-02
1.775835553416982293e-04 5.706313531845808029e-03 9.460525512695312500e-01 4.806358367204666138e-02
2.045997098321095109e-04 6.550079211592674255e-03 9.623100757598876953e-01 3.093522973358631134e-02
2.416027855360880494e-04 7.968453690409660339e-03 9.718832373619079590e-01 1.990680396556854248e-02
2.494932268746197224e-04 8.263707160949707031e-03 9.738945960998535156e-01 1.759221032261848450e-02
2.677416196092963219e-04 8.722873404622077942e-03 9.755433201789855957e-01 1.546619180589914322e-02
2.804064424708485603e-04 8.827758021652698517e-03 9.705414175987243652e-01 2.035037614405155182e-02
2.842945978045463562e-04 9.125153534114360809e-03 9.634467959403991699e-01 2.714373543858528137e-02
2.973918162751942873e-04 9.687456302344799042e-03 9.574303030967712402e-01 3.258481994271278381e-02
3.279621887486428022e-04 1.116894558072090149e-02 9.555187225341796875e-01 3.298432379961013794e-02
3.722881665453314781e-04 1.310738176107406616e-02 9.525430202484130859e-01 3.397741913795471191e-02
3.840293502435088158e-04 1.324220467358827591e-02 9.477550983428955078e-01 3.861871361732482910e-02
3.774194046854972839e-04 1.264770701527595520e-02 9.354958534240722656e-01 5.147900804877281189e-02
3.986847586929798126e-04 1.274240296334028244e-02 9.140684604644775391e-01 7.279045134782791138e-02
3.744264540728181601e-04 1.066814642399549484e-02 8.797580003738403320e-01 1.091993972659111023e-01
3.778844838961958885e-04 1.082641817629337311e-02 9.297732114791870117e-01 5.902241542935371399e-02
4.559939552564173937e-04 1.428292784839868546e-02 9.605859518051147461e-01 2.467508614063262939e-02
5.404131370596587658e-04 1.949337869882583618e-02 9.698023200035095215e-01 1.016385201364755630e-02
6.146297673694789410e-04 2.434419281780719757e-02 9.703729152679443359e-01 4.668250679969787598e-03
7.054076413623988628e-04 2.872545830905437469e-02 9.676881432533264160e-01 2.880887128412723541e-03
7.367453654296696186e-04 3.061031736433506012e-02 9.665426015853881836e-01 2.110286615788936615e-03
7.060501957312226295e-04 2.950534038245677948e-02 9.679020047187805176e-01 1.886650454252958298e-03
6.436104886233806610e-04 2.515385486185550690e-02 9.721793532371520996e-01 2.023161156103014946e-03
5.921403062529861927e-04 2.025316096842288971e-02 9.764369726181030273e-01 2.717747818678617477e-03
5.603585159406065941e-04 1.646634191274642944e-02 9.783405661582946777e-01 4.632769152522087097e-03
5.243730265647172928e-04 1.357841026037931442e-02 9.784099459648132324e-01 7.487291470170021057e-03
6.004720926284790039e-04 1.630311645567417145e-02 9.771525263786315918e-01 5.943897180259227753e-03
7.647736929357051849e-04 2.475301362574100494e-02 9.710284471511840820e-01 3.453791607171297073e-03
9.677653433755040169e-04 3.757334500551223755e-02 9.589909911155700684e-01 2.467885147780179977e-03
1.239031553268432617e-03 5.434009060263633728e-02 9.425818324089050293e-01 1.839101547375321388e-03
1.423777779564261436e-03 6.661599129438400269e-02 9.302606582641601562e-01 1.699559623375535011e-03
1.230562804266810417e-03 5.481743067502975464e-02 9.418326616287231445e-01 2.119336510077118874e-03
9.929764783009886742e-04 4.007145017385482788e-02 9.562316536903381348e-01 2.703873673453927040e-03
7.675507804378867149e-04 2.757445722818374634e-02 9.670055508613586426e-01 4.652424249798059464e-03
6.043404573574662209e-04 1.898990198969841003e-02 9.716517925262451172e-01 8.753956295549869537e-03
4.663648142013698816e-04 1.207311265170574188e-02 9.690450429916381836e-01 1.841548271477222443e-02
3.554419090505689383e-04 7.321568671613931656e-03 9.446555972099304199e-01 4.766744375228881836e-02
2.977205149363726377e-04 4.758751485496759415e-03 7.509972453117370605e-01 2.439462095499038696e-01
2.248782839160412550e-04 3.123467555269598961e-03 5.935575962066650391e-01 4.030940532684326172e-01
2.487167366780340672e-04 3.410722361877560616e-03 7.314839959144592285e-01 2.648566067218780518e-01
2.784256066661328077e-04 3.813607152551412582e-03 8.728326559066772461e-01 1.230752170085906982e-01
2.875971549656242132e-04 4.067609086632728577e-03 9.530906081199645996e-01 4.255417361855506897e-02
3.185763198416680098e-04 4.592955578118562698e-03 9.684280753135681152e-01 2.666047401726245880e-02
3.336541994940489531e-04 4.744269885122776031e-03 9.708498716354370117e-01 2.407210879027843475e-02
3.250096051488071680e-04 4.563655704259872437e-03 9.650214314460754395e-01 3.008988872170448303e-02
3.106024523731321096e-04 4.149767104536294937e-03 9.434803128242492676e-01 5.205932632088661194e-02
3.240949299652129412e-04 4.530812148004770279e-03 9.397664070129394531e-01 5.537865310907363892e-02
3.788455214817076921e-04 5.894331727176904678e-03 9.535859823226928711e-01 4.014077782630920410e-02
5.154188256710767746e-04 9.989072568714618683e-03 9.700249433517456055e-01 1.947061158716678619e-02
6.240843213163316250e-04 1.507574506103992462e-02 9.741703271865844727e-01 1.012980658560991287e-02
7.292707450687885284e-04 2.102926746010780334e-02 9.720643162727355957e-01 6.177125498652458191e-03
7.477124454453587532e-04 2.451121807098388672e-02 9.689037799835205078e-01 5.837230011820793152e-03
7.015364826656877995e-04 2.407166175544261932e-02 9.677184224128723145e-01 7.508357986807823181e-03
6.796763045713305473e-04 2.215222269296646118e-02 9.664981961250305176e-01 1.066993083804845810e-02
7.043314981274306774e-04 2.334012091159820557e-02 9.661114811897277832e-01 9.843961335718631744e-03
6.884842296130955219e-04 2.199349924921989441e-02 9.676650762557983398e-01 9.653008542954921722e-03
6.144499056972563267e-04 1.868088543415069580e-02 9.709501266479492188e-01 9.754514321684837341e-03
5.593699170276522636e-04 1.637805067002773285e-02 9.736340641975402832e-01 9.428557939827442169e-03
5.241016624495387077e-04 1.529026962816715240e-02 9.754772782325744629e-01 8.708311244845390320e-03
4.803226911462843418e-04 1.467644423246383667e-02 9.767524600028991699e-01 8.090804331004619598e-03
4.520929942373186350e-04 1.408213190734386444e-02 9.777701497077941895e-01 7.695595268160104752e-03
4.477925540413707495e-04 1.411344297230243683e-02 9.778652191162109375e-01 7.573548238724470139e-03
4.651529015973210335e-04 1.515336334705352783e-02 9.774178862571716309e-01 6.963513791561126709e-03
5.456306971609592438e-04 1.822304725646972656e-02 9.754495024681091309e-01 5.781813524663448334e-03
6.808123434893786907e-04 2.348879911005496979e-02 9.712398052215576172e-01 4.590540193021297455e-03
8.906160364858806133e-04 3.169361129403114319e-02 9.639485478401184082e-01 3.467220813035964966e-03
1.106400974094867706e-03 4.177111759781837463e-02 9.542945623397827148e-01 2.827832940965890884e-03
1.245027757249772549e-03 5.022204294800758362e-02 9.458507895469665527e-01 2.682063030079007149e-03
1.414263853803277016e-03 5.826785787940025330e-02 9.376280307769775391e-01 2.689849585294723511e-03
1.457927050068974495e-03 6.021429970860481262e-02 9.352921247482299805e-01 3.035699017345905304e-03
1.378547283820807934e-03 5.443435907363891602e-02 9.406145215034484863e-01 3.572519868612289429e-03
1.202865736559033394e-03 4.362684488296508789e-02 9.504777789115905762e-01 4.692517220973968506e-03
9.779025567695498466e-04 3.274146839976310730e-02 9.597444534301757812e-01 6.536177359521389008e-03
8.261883049272000790e-04 2.469372376799583435e-02 9.646044373512268066e-01 9.875678457319736481e-03
7.025717059150338173e-04 1.906350255012512207e-02 9.664394259452819824e-01 1.379444077610969543e-02
6.522456533275544643e-04 1.633455418050289154e-02 9.651603102684020996e-01 1.785292103886604309e-02
6.302421679720282555e-04 1.475376822054386139e-02 9.641758799552917480e-01 2.044014073908329010e-02
6.451539811678230762e-04 1.479496434330940247e-02 9.675198197364807129e-01 1.704010926187038422e-02
6.885391194373369217e-04 1.480471808463335037e-02 9.709268808364868164e-01 1.357988640666007996e-02
7.255375385284423828e-04 1.475661713629961014e-02 9.728873968124389648e-01 1.163048017770051956e-02
7.062686490826308727e-04 1.327774953097105026e-02 9.739134907722473145e-01 1.210242602974176407e-02
6.744865677319467068e-04 1.079542934894561768e-02 9.714548587799072266e-01 1.707522384822368622e-02
6.085856584832072258e-04 8.609473705291748047e-03 9.626327753067016602e-01 2.814921736717224121e-02
5.408565630204975605e-04 7.027483079582452774e-03 9.414575695991516113e-01 5.097409337759017944e-02
4.968938883394002914e-04 6.115748081356287003e-03 8.519410490989685059e-01 1.414462774991989136e-01
4.416539450176060200e-04 5.127445328980684280e-03 6.610499620437622070e-01 3.333809375762939453e-01
4.657290701288729906e-04 5.474681966006755829e-03 6.244864463806152344e-01 3.695731461048126221e-01
5.451020551845431328e-04 7.517463527619838715e-03 7.099555730819702148e-01 2.819818556308746338e-01
5.469271563924849033e-04 8.286383934319019318e-03 7.021951079368591309e-01 2.889716327190399170e-01
5.625402554869651794e-04 9.083508513867855072e-03 6.986837387084960938e-01 2.916702032089233398e-01
5.923716817051172256e-04 1.007639430463314056e-02 7.344985008239746094e-01 2.548327147960662842e-01
6.472092936746776104e-04 1.170454733073711395e-02 8.567743301391601562e-01 1.308738887310028076e-01
7.195301004685461521e-04 1.373619958758354187e-02 9.174429178237915039e-01 6.810146570205688477e-02
7.937707123346626759e-04 1.606692373752593994e-02 9.455816149711608887e-01 3.755766898393630981e-02
8.023520349524915218e-04 1.743493601679801941e-02 9.606180787086486816e-01 2.114462479948997498e-02
8.421655511483550072e-04 2.078071981668472290e-02 9.680984616279602051e-01 1.027860678732395172e-02
9.481203160248696804e-04 2.510450594127178192e-02 9.687332510948181152e-01 5.214164964854717255e-03
1.014807843603193760e-03 2.804806828498840332e-02 9.677299261093139648e-01 3.207185072824358940e-03
1.029484206810593605e-03 2.882278151810169220e-02 9.678629040718078613e-01 2.284862333908677101e-03
1.102025271393358707e-03 3.059943765401840210e-02 9.665603637695312500e-01 1.738228835165500641e-03
1.213767682202160358e-03 3.486731275916099548e-02 9.625663757324218750e-01 1.352490158751606941e-03
1.548041240312159061e-03 4.886132851243019104e-02 9.487887024879455566e-01 8.019070373848080635e-04
2.140935510396957397e-03 7.686265558004379272e-02 9.205815792083740234e-01 4.148129664827138186e-04
2.935540396720170975e-03 1.245256066322326660e-01 8.723075985908508301e-01 2.312472788617014885e-04
3.849354572594165802e-03 1.803966760635375977e-01 8.156163692474365234e-01 1.375485880998894572e-04
4.544539377093315125e-03 2.267186790704727173e-01 7.686480283737182617e-01 8.873268961906433105e-05
5.284210667014122009e-03 2.740955054759979248e-01 7.205615043640136719e-01 5.879054515389725566e-05
6.066839676350355148e-03 3.151971399784088135e-01 6.786957979202270508e-01 4.022880602860823274e-05
6.284013390541076660e-03 3.081184923648834229e-01 6.855637431144714355e-01 3.377142638782970607e-05
6.184676662087440491e-03 2.763586938381195068e-01 7.174258232116699219e-01 3.085221396759152412e-05
5.724242888391017914e-03 2.456769347190856934e-01 7.485697269439697266e-01 2.911605952249374241e-05
4.800859373062849045e-03 2.048122882843017578e-01 7.903565168380737305e-01 3.027078491868451238e-05
4.197529517114162445e-03 1.659083664417266846e-01 8.298634886741638184e-01 3.057526555494405329e-05
3.686919342726469040e-03 1.268797218799591064e-01 8.693992495536804199e-01 3.411161378608085215e-05
3.435008227825164795e-03 1.080567315220832825e-01 8.884699344635009766e-01 3.834666131297126412e-05
3.037454094737768173e-03 8.951564878225326538e-02 9.073981046676635742e-01 4.883872315986081958e-05
2.584186848253011703e-03 6.896964460611343384e-02 9.283787012100219727e-01 6.746521103195846081e-05
2.260549925267696381e-03 5.426171422004699707e-02 9.433882236480712891e-01 8.953088399721309543e-05
1.930912258103489876e-03 4.291738197207450867e-02 9.550286531448364258e-01 1.230783382197842002e-04
1.640694215893745422e-03 3.403942286968231201e-02 9.641438722610473633e-01 1.760098821250721812e-04
1.566572580486536026e-03 3.041112422943115234e-02 9.677933454513549805e-01 2.290520642418414354e-04
1.536784227937459946e-03 2.924701385200023651e-02 9.689267277717590332e-01 2.894311328418552876e-04
1.732841716147959232e-03 3.698984161019325256e-02 9.610218405723571777e-01 2.554196980781853199e-04
1.848487183451652527e-03 4.356286302208900452e-02 9.543383121490478516e-01 2.502924762666225433e-04
1.829157932661473751e-03 4.655970633029937744e-02 9.513192176818847656e-01 2.919396501965820789e-04
1.639381283894181252e-03 4.186396673321723938e-02 9.561022520065307617e-01 3.943257906939834356e-04
1.241212477907538414e-03 2.946245484054088593e-02 9.686188101768493652e-01 6.775969523005187511e-04
8.927593589760363102e-04 1.752117834985256195e-02 9.799748063087463379e-01 1.611255924217402935e-03
6.363115389831364155e-04 9.666748344898223877e-03 9.852206707000732422e-01 4.476236179471015930e-03
4.340876766946166754e-04 5.093591753393411636e-03 9.809409976005554199e-01 1.353144086897373199e-02
3.084848576691001654e-04 2.851562108844518661e-03 9.478693604469299316e-01 4.897058010101318359e-02
2.249263779958710074e-04 1.600423944182693958e-03 7.025163769721984863e-01 2.956583499908447266e-01
1.064629032043740153e-04 6.241447990760207176e-04 3.366165161132812500e-01 6.626528501510620117e-01
1.110657904064282775e-04 6.426606560125946999e-04 3.797925114631652832e-01 6.194537281990051270e-01
1.419752661604434252e-04 8.884098497219383717e-04 5.486522912979125977e-01 4.503173232078552246e-01
1.567863946547731757e-04 1.024477067403495312e-03 6.406922340393066406e-01 3.581264913082122803e-01
1.566805876791477203e-04 1.018604729324579239e-03 6.391391754150390625e-01 3.596856594085693359e-01
1.391365076415240765e-04 8.581641013734042645e-04 5.244399309158325195e-01 4.745627939701080322e-01
9.048750507645308971e-05 5.215767305344343185e-04 3.003039658069610596e-01 6.990839838981628418e-01
5.508828326128423214e-05 3.085983335040509701e-04 1.641214787960052490e-01 8.355148434638977051e-01
1.160676692961715162e-04 7.424867362715303898e-04 3.333811759948730469e-01 6.657602190971374512e-01
2.600857114885002375e-04 2.049834700301289558e-03 7.252714633941650391e-01 2.724186182022094727e-01
3.320977266412228346e-04 3.231421113014221191e-03 9.179531335830688477e-01 7.848335802555084229e-02
3.573306894395500422e-04 4.068728070706129074e-03 9.612061977386474609e-01 3.436769545078277588e-02
3.838870325125753880e-04 4.765935707837343216e-03 9.672485589981079102e-01 2.760158851742744446e-02
3.713785845320671797e-04 4.489451646804809570e-03 9.599836468696594238e-01 3.515552729368209839e-02
3.489363298285752535e-04 3.806594526395201683e-03 9.153177738189697266e-01 8.052673935890197754e-02
2.855501952581107616e-04 2.639418467879295349e-03 7.545179128646850586e-01 2.425570935010910034e-01
1.735859550535678864e-04 1.321884687058627605e-03 4.566842317581176758e-01 5.418202280998229980e-01
1.091809899662621319e-04 7.324873004108667374e-04 2.927347123622894287e-01 7.064235806465148926e-01
1.755169796524569392e-04 1.226769411005079746e-03 5.160820484161376953e-01 4.825156331062316895e-01
2.382758830208331347e-04 1.751814153976738453e-03 7.537725567817687988e-01 2.442373782396316528e-01
2.601746818982064724e-04 2.006493043154478073e-03 8.716806173324584961e-01 1.260527670383453369e-01
2.615386911202222109e-04 2.105550607666373253e-03 9.160442352294921875e-01 8.158872276544570923e-02
2.564809401519596577e-04 2.081204904243350029e-03 9.232715368270874023e-01 7.439074665307998657e-02
2.586991759017109871e-04 2.077381592243909836e-03 9.105399847030639648e-01 8.712393790483474731e-02
2.550839853938668966e-04 1.954387174919247627e-03 8.619129061698913574e-01 1.358775645494461060e-01
2.333836891921237111e-04 1.707496820017695427e-03 7.392221093177795410e-01 2.588370144367218018e-01
1.742195163387805223e-04 1.192212686873972416e-03 4.915489554405212402e-01 5.070846676826477051e-01
1.672490325290709734e-04 1.172153977677226067e-03 4.340687394142150879e-01 5.645918250083923340e-01
2.335017634322866797e-04 1.843871315941214561e-03 5.807601213455200195e-01 4.171625971794128418e-01
3.271143941674381495e-04 2.972679911181330681e-03 7.906892895698547363e-01 2.060109525918960571e-01
3.805457672569900751e-04 3.890112275257706642e-03 8.825129866600036621e-01 1.132164150476455688e-01
3.934913838747888803e-04 4.128817003220319748e-03 8.931292891502380371e-01 1.023484468460083008e-01
3.778199024964123964e-04 3.795742057263851166e-03 8.642320632934570312e-01 1.315943747758865356e-01
3.305699210613965988e-04 3.060942282900214195e-03 7.876695990562438965e-01 2.089388966560363770e-01
2.559159765951335430e-04 2.168839331716299057e-03 6.490278244018554688e-01 3.485473692417144775e-01
1.748943031998351216e-04 1.350553939118981361e-03 4.673484563827514648e-01 5.311260223388671875e-01
1.053275918820872903e-04 7.483339868485927582e-04 2.927314639091491699e-01 7.064148783683776855e-01
7.391729741357266903e-05 4.992618924006819725e-04 2.083760201930999756e-01 7.910507917404174805e-01
5.517712270375341177e-05 3.584596852306276560e-04 1.564677506685256958e-01 8.431186079978942871e-01
5.670034806826151907e-05 3.661593364086002111e-04 1.630294919013977051e-01 8.365476727485656738e-01
6.154255243018269539e-05 3.977339947596192360e-04 1.774023473262786865e-01 8.221384286880493164e-01
6.743312405887991190e-05 4.360749735496938229e-04 1.928222477436065674e-01 8.066742420196533203e-01
7.990073208929970860e-05 5.154132377356290817e-04 2.246432453393936157e-01 7.747614383697509766e-01
9.772636985871940851e-05 6.347827147692441940e-04 2.679258882999420166e-01 7.313416004180908203e-01
1.119295484386384487e-04 7.392325787805020809e-04 2.980793714523315430e-01 7.010695338249206543e-01
1.258004485862329602e-04 8.615662809461355209e-04 3.252395093441009521e-01 6.737731099128723145e-01
1.495345786679536104e-04 1.087767886929214001e-03 3.749167621135711670e-01 6.238459348678588867e-01
2.100399142364040017e-04 1.670038211159408092e-03 5.213519930839538574e-01 4.767678380012512207e-01
2.602002641651779413e-04 2.268551615998148918e-03 6.488532423973083496e-01 3.486179709434509277e-01
2.572039375081658363e-04 2.324854256585240364e-03 6.496111750602722168e-01 3.478067219257354736e-01
2.152972156181931496e-04 1.885366393253207207e-03 5.549243092536926270e-01 4.429749846458435059e-01
1.345125638181343675e-04 1.077232998795807362e-03 3.549016416072845459e-01 6.438866257667541504e-01
6.984782521612942219e-05 5.098981782793998718e-04 1.860419362783432007e-01 8.133783340454101562e-01
3.879307769238948822e-05 2.571908698882907629e-04 1.023947894573211670e-01 8.973091840744018555e-01
4.178361632511951029e-05 2.732849679887294769e-04 1.134132146835327148e-01 8.862717151641845703e-01
6.343380664475262165e-05 4.252165672369301319e-04 1.781493872404098511e-01 8.213620185852050781e-01
8.886589057510718703e-05 6.147177773527801037e-04 2.577719092369079590e-01 7.415244579315185547e-01
1.100352310459129512e-04 7.799530285410583019e-04 3.251367211341857910e-01 6.739733219146728516e-01
1.283246383536607027e-04 9.144272771663963795e-04 3.835464119911193848e-01 6.154108047485351562e-01
1.387970696669071913e-04 9.844781598076224327e-04 4.116188585758209229e-01 5.872578620910644531e-01
1.396975858369842172e-04 9.755481733009219170e-04 4.094637930393218994e-01 5.894209742546081543e-01
1.220193807967007160e-04 8.324987720698118210e-04 3.483262360095977783e-01 6.507192254066467285e-01
9.111478721024468541e-05 6.043783505447208881e-04 2.516150772571563721e-01 7.476894259452819824e-01
6.153432332212105393e-05 3.963465569540858269e-04 1.583857238292694092e-01 8.411564230918884277e-01
1.083040915546007454e-04 7.740362198092043400e-04 2.756683826446533203e-01 7.234492897987365723e-01
1.713842357276007533e-04 1.342356437817215919e-03 4.392459690570831299e-01 5.592402815818786621e-01
2.244251809315755963e-04 1.897107926197350025e-03 5.791823267936706543e-01 4.186961948871612549e-01
2.267044328618794680e-04 1.942866249009966850e-03 5.862921476364135742e-01 4.115382730960845947e-01
1.806752406992018223e-04 1.458421000279486179e-03 4.750733673572540283e-01 5.232875347137451172e-01
1.089784564101137221e-04 8.079329272732138634e-04 2.971521317958831787e-01 7.019309401512145996e-01
5.455314385471865535e-05 3.658789501059800386e-04 1.522956639528274536e-01 8.472838997840881348e-01
3.491608367767184973e-05 2.172151871491223574e-04 9.908047318458557129e-02 9.006673693656921387e-01
4.606907896231859922e-05 2.908309979829937220e-04 1.389537900686264038e-01 8.607093095779418945e-01
6.093148840591311455e-05 3.902866737917065620e-04 1.883694380521774292e-01 8.111792802810668945e-01
7.555767660960555077e-05 4.837208252865821123e-04 2.310513108968734741e-01 7.683894038200378418e-01
8.402307867072522640e-05 5.354310851544141769e-04 2.536129355430603027e-01 7.457675933837890625e-01
8.313712896779179573e-05 5.292912828736007214e-04 2.528251707553863525e-01 7.465624213218688965e-01
8.099742990452796221e-05 5.159018910489976406e-04 2.472904771566390991e-01 7.521125674247741699e-01
8.097692625597119331e-05 5.165637703612446785e-04 2.476489096879959106e-01 7.517536282539367676e-01
8.123656880343332887e-05 5.202600150369107723e-04 2.469601035118103027e-01 7.524384260177612305e-01
8.286369848065078259e-05 5.365579854696989059e-04 2.495252937078475952e-01 7.498552203178405762e-01
1.057283516274765134e-04 7.122181705199182034e-04 3.089106380939483643e-01 6.902713775634765625e-01
1.391011901432648301e-04 9.892262751236557961e-04 3.964402079582214355e-01 6.024314761161804199e-01
1.811013498809188604e-04 1.385194831527769566e-03 5.175564885139465332e-01 4.808772802352905273e-01
2.019595413003116846e-04 1.640757312998175621e-03 5.776920318603515625e-01 4.204652011394500732e-01
1.926841214299201965e-04 1.597290975041687489e-03 5.423002839088439941e-01 4.559096992015838623e-01
1.495480100857093930e-04 1.186924870125949383e-03 4.165542125701904297e-01 5.821093320846557617e-01
8.229210652643814683e-05 5.843746475875377655e-04 2.286569178104400635e-01 7.706764340400695801e-01
4.630815965356305242e-05 3.037124115508049726e-04 1.298453211784362793e-01 8.698047399520874023e-01
4.015197555418126285e-05 2.534497762098908424e-04 1.157033592462539673e-01 8.840030431747436523e-01
5.098667679703794420e-05 3.215396427549421787e-04 1.516624093055725098e-01 8.479650616645812988e-01
5.975387102807871997e-05 3.743567503988742828e-04 1.790086627006530762e-01 8.205571770668029785e-01
6.513823609566316009e-05 4.117953358218073845e-04 1.937788426876068115e-01 8.057442307472229004e-01
7.196528895292431116e-05 4.610289470292627811e-04 2.146178930997848511e-01 7.848491072654724121e-01
8.506451558787375689e-05 5.670475657097995281e-04 2.629932761192321777e-01 7.363546490669250488e-01
1.045618919306434691e-04 7.104805554263293743e-04 3.258142173290252686e-01 6.733707785606384277e-01
1.259824930457398295e-04 8.785133250057697296e-04 3.932829499244689941e-01 6.057125329971313477e-01
1.565286511322483420e-04 1.107092015445232391e-03 4.751825034618377686e-01 5.235538482666015625e-01
1.839859760366380215e-04 1.319510512985289097e-03 5.486977100372314453e-01 4.497987329959869385e-01
2.065887674689292908e-04 1.562637626193463802e-03 6.043682694435119629e-01 3.938624858856201172e-01
2.190019877161830664e-04 1.756773446686565876e-03 6.288518905639648438e-01 3.691723644733428955e-01
2.154539834009483457e-04 1.811919151805341244e-03 6.004050374031066895e-01 3.975676000118255615e-01
2.131147775799036026e-04 1.843999605625867844e-03 5.750276446342468262e-01 4.229151904582977295e-01
1.749576040310785174e-04 1.479387981817126274e-03 4.522680044174194336e-01 5.460776686668395996e-01
1.045269309543073177e-04 8.352446602657437325e-04 2.657028436660766602e-01 7.333573698997497559e-01
6.652917363680899143e-05 4.950113943777978420e-04 1.699639260768890381e-01 8.294745683670043945e-01
5.939220500295050442e-05 4.303932946640998125e-04 1.582714170217514038e-01 8.412387967109680176e-01
7.164997077779844403e-05 5.301936180330812931e-04 2.008910775184631348e-01 7.985071539878845215e-01
9.115027205552905798e-05 6.951304385438561440e-04 2.652763724327087402e-01 7.339373826980590820e-01
9.570201655151322484e-05 7.404417265206575394e-04 2.829995453357696533e-01 7.161642313003540039e-01
9.267215500585734844e-05 6.999876350164413452e-04 2.675461471080780029e-01 7.316612005233764648e-01
8.939810504671186209e-05 6.572112324647605419e-04 2.479533851146697998e-01 7.513000369071960449e-01
8.109342888928949833e-05 5.842781974934041500e-04 2.223010957241058350e-01 7.770335078239440918e-01
7.584783452330157161e-05 5.277918535284698009e-04 2.019651681184768677e-01 7.974312305450439453e-01
7.599377568112686276e-05 5.119246779941022396e-04 2.006232291460037231e-01 7.987889051437377930e-01
8.749985863687470555e-05 5.876471404917538166e-04 2.268171310424804688e-01 7.725077271461486816e-01
1.146959548350423574e-04 8.020545938052237034e-04 2.981386780738830566e-01 7.009445428848266602e-01
1.682575384620577097e-04 1.288114581257104874e-03 4.427919685840606689e-01 5.557516813278198242e-01
2.406500570941716433e-04 2.043992746621370316e-03 6.369925141334533691e-01 3.607228100299835205e-01
2.901558764278888702e-04 2.712227869778871536e-03 7.708548903465270996e-01 2.261427193880081177e-01
2.928081084974110126e-04 2.789198420941829681e-03 7.814284563064575195e-01 2.154895663261413574e-01
2.827247080858796835e-04 2.617277204990386963e-03 7.457351684570312500e-01 2.513648569583892822e-01
2.293935103807598352e-04 1.950307865627110004e-03 6.082655191421508789e-01 3.895547986030578613e-01
1.890650019049644470e-04 1.487880363129079342e-03 5.149114727973937988e-01 4.834115803241729736e-01
1.760427985573187470e-04 1.334439381025731564e-03 5.077562332153320312e-01 4.907332658767700195e-01
1.678656117292121053e-04 1.220974605530500412e-03 5.061009526252746582e-01 4.925102293491363525e-01
1.904470263980329037e-04 1.404372160322964191e-03 6.092698574066162109e-01 3.891353011131286621e-01
2.120563149219378829e-04 1.614400651305913925e-03 7.105782032012939453e-01 2.875953316688537598e-01
2.137680567102506757e-04 1.618717680685222149e-03 7.193199992179870605e-01 2.788475453853607178e-01
2.097788237733766437e-04 1.561280572786927223e-03 7.068624496459960938e-01 2.913665473461151123e-01
1.947926357388496399e-04 1.399532775394618511e-03 6.542152166366577148e-01 3.441904485225677490e-01
1.745116314850747585e-04 1.206348650157451630e-03 5.751842856407165527e-01 4.234349131584167480e-01
1.431522396160289645e-04 9.452148224227130413e-04 4.604725241661071777e-01 5.384390950202941895e-01
1.571128814248368144e-04 1.060232985764741898e-03 4.953038394451141357e-01 5.034788250923156738e-01
1.785734057193621993e-04 1.247277716174721718e-03 5.534300208091735840e-01 4.451441168785095215e-01
2.264465583721175790e-04 1.723413821309804916e-03 6.888431310653686523e-01 3.092070221900939941e-01
2.719210751820355654e-04 2.311047166585922241e-03 8.206911087036132812e-01 1.767259091138839722e-01
2.933653595391660929e-04 2.735407557338476181e-03 8.871181011199951172e-01 1.098531335592269897e-01
3.115189610980451107e-04 3.112398087978363037e-03 9.230614304542541504e-01 7.351461797952651978e-02
3.230505681131035089e-04 3.313664346933364868e-03 9.311721920967102051e-01 6.519106775522232056e-02
3.065885393880307674e-04 2.997913397848606110e-03 8.949182033538818359e-01 1.017772555351257324e-01
2.591634984128177166e-04 2.309447620064020157e-03 7.837970256805419922e-01 2.136343121528625488e-01
1.633148931432515383e-04 1.254225498996675014e-03 5.072216987609863281e-01 4.913608133792877197e-01
7.816751167410984635e-05 5.212323158048093319e-04 2.422776967287063599e-01 7.571228742599487305e-01
5.312920256983488798e-05 3.222625819034874439e-04 1.670275330543518066e-01 8.325970768928527832e-01
7.213644857984036207e-05 4.348689981270581484e-04 2.353433072566986084e-01 7.641497254371643066e-01
1.166656365967355669e-04 7.290441426448523998e-04 3.935492038726806641e-01 6.056050658226013184e-01
1.554712071083486080e-04 1.015075715258717537e-03 5.508168339729309082e-01 4.480126202106475830e-01
1.766256027622148395e-04 1.182337640784680843e-03 6.532263755798339844e-01 3.454146385192871094e-01
1.895891327876597643e-04 1.284289406612515450e-03 7.183732390403747559e-01 2.801528275012969971e-01
1.871217245934531093e-04 1.259196083992719650e-03 7.140570282936096191e-01 2.844965755939483643e-01
1.689996861387044191e-04 1.097332802601158619e-03 6.368783116340637207e-01 3.618554174900054932e-01
1.315059926128014922e-04 8.069082396104931831e-04 4.777576327323913574e-01 5.213039517402648926e-01
9.252893505617976189e-05 5.436104256659746170e-04 3.179201483726501465e-01 6.814437508583068848e-01
9.495214908383786678e-05 5.772396689280867577e-04 3.131493330001831055e-01 6.861785054206848145e-01
1.230616326211020350e-04 7.951073348522186279e-04 3.882803916931152344e-01 6.108014583587646484e-01
1.956627238541841507e-04 1.420116634108126163e-03 6.001024842262268066e-01 3.982817828655242920e-01
2.621703024487942457e-04 2.181019168347120285e-03 7.870662808418273926e-01 2.104905396699905396e-01
2.832814352586865425e-04 2.530687721446156502e-03 8.449575304985046387e-01 1.522285491228103638e-01
2.898547099903225899e-04 2.630045637488365173e-03 8.569086790084838867e-01 1.401714682579040527e-01
2.856853243429213762e-04 2.551563084125518799e-03 8.502838611602783203e-01 1.468789577484130859e-01
2.550371573306620121e-04 2.151638967916369438e-03 7.805465459823608398e-01 2.170467227697372437e-01
1.925594115164130926e-04 1.467685680836439133e-03 6.013002395629882812e-01 3.970395028591156006e-01
1.090622317860834301e-04 7.359198061749339104e-04 3.436788618564605713e-01 6.554761528968811035e-01
7.001061021583154798e-05 4.418036842253059149e-04 2.246239930391311646e-01 7.748641371726989746e-01
6.739407399436458945e-05 4.232357605360448360e-04 2.225985527038574219e-01 7.769108414649963379e-01
9.091042011277750134e-05 5.898792878724634647e-04 3.066265881061553955e-01 6.926926374435424805e-01
1.311597879976034164e-04 8.964183507487177849e-04 4.560112059116363525e-01 5.429611802101135254e-01
1.614993525436148047e-04 1.135493163019418716e-03 5.737174749374389648e-01 4.249855279922485352e-01
1.761853054631501436e-04 1.262196339666843414e-03 6.387067437171936035e-01 3.598549664020538330e-01
1.737484126351773739e-04 1.254477072507143021e-03 6.323968768119812012e-01 3.661749064922332764e-01
1.539419463369995356e-04 1.100596971809864044e-03 5.559983849525451660e-01 4.427470564842224121e-01
1.128733492805622518e-04 7.804975612089037895e-04 3.873938918113708496e-01 6.117126941680908203e-01
6.541211041621863842e-05 4.351109382696449757e-04 2.047695815563201904e-01 7.947299480438232422e-01
5.359718488762155175e-05 3.592248831409960985e-04 1.533487141132354736e-01 8.462384939193725586e-01
1.427402021363377571e-04 1.130403135903179646e-03 3.918789923191070557e-01 6.068478226661682129e-01
3.033083921764045954e-04 3.030217485502362251e-03 7.902824282646179199e-01 2.063840478658676147e-01
3.786115848924964666e-04 4.820351023226976395e-03 9.496407508850097656e-01 4.516020789742469788e-02
4.654080548789352179e-04 7.373224012553691864e-03 9.753637313842773438e-01 1.679761707782745361e-02
5.625101621262729168e-04 1.023574639111757278e-02 9.791737794876098633e-01 1.002793386578559875e-02
6.480040028691291809e-04 1.305553130805492401e-02 9.797996878623962402e-01 6.496669724583625793e-03
6.948894006200134754e-04 1.424244046211242676e-02 9.797862768173217773e-01 5.276318639516830444e-03
6.881884764879941940e-04 1.320026535540819168e-02 9.806157946586608887e-01 5.495792720466852188e-03
6.924694753251969814e-04 1.213755365461111069e-02 9.816016554832458496e-01 5.568350665271282196e-03
6.949940579943358898e-04 1.092754304409027100e-02 9.823320508003234863e-01 6.045470479875802994e-03
7.511969306506216526e-04 1.205005310475826263e-02 9.832111597061157227e-01 3.987627569586038589e-03
7.949683349579572678e-04 1.340023986995220184e-02 9.833105802536010742e-01 2.494222950190305710e-03
8.000868256203830242e-04 1.411872263997793198e-02 9.833895564079284668e-01 1.691616605967283249e-03
7.944259559735655785e-04 1.462426222860813141e-02 9.833540320396423340e-01 1.227274420671164989e-03
8.158183190971612930e-04 1.560069527477025986e-02 9.826801419258117676e-01 9.033481474034488201e-04
8.772956789471209049e-04 1.758625358343124390e-02 9.808694124221801758e-01 6.670808070339262486e-04
9.639021591283380985e-04 2.038040012121200562e-02 9.781477451324462891e-01 5.079300608485937119e-04
1.104440772905945778e-03 2.565466426312923431e-02 9.728455543518066406e-01 3.953664854634553194e-04
1.313979504629969597e-03 3.435334190726280212e-02 9.640249013900756836e-01 3.077016735915094614e-04
1.680168323218822479e-03 5.086051672697067261e-02 9.472107291221618652e-01 2.486056473571807146e-04
2.190468832850456238e-03 7.971542328596115112e-02 9.178869128227233887e-01 2.071533817797899246e-04
2.898070961236953735e-03 1.248419582843780518e-01 8.720903396606445312e-01 1.696238468866795301e-04
3.646919736638665199e-03 1.775328814983367920e-01 8.186798691749572754e-01 1.403878268320113420e-04
4.117116332054138184e-03 2.190309613943099976e-01 7.767273783683776855e-01 1.245171297341585159e-04
4.257839173078536987e-03 2.431520819664001465e-01 7.524709701538085938e-01 1.191079863929189742e-04
4.111454356461763382e-03 2.452495694160461426e-01 7.505108714103698730e-01 1.281035365536808968e-04
3.892393782734870911e-03 2.307636737823486328e-01 7.651881575584411621e-01 1.558240765007212758e-04
3.687116317451000214e-03 2.060976624488830566e-01 7.900227308273315430e-01 1.924857933772727847e-04
3.429494099691510201e-03 1.755940765142440796e-01 8.207353353500366211e-01 2.411157183814793825e-04
3.152241231873631477e-03 1.406981199979782104e-01 8.558484315872192383e-01 3.011371009051799774e-04
2.879737876355648041e-03 1.057609170675277710e-01 8.909925222396850586e-01 3.668212739285081625e-04
2.691044704988598824e-03 7.971534878015518188e-02 9.171348810195922852e-01 4.587628936860710382e-04
2.472860738635063171e-03 5.610846728086471558e-02 9.408249855041503906e-01 5.937812384217977524e-04
2.282799920067191124e-03 4.109860211610794067e-02 9.559500813484191895e-01 6.685461266897618771e-04
2.169149694964289665e-03 3.324551880359649658e-02 9.639333486557006836e-01 6.519764428958296776e-04
1.940238173119723797e-03 2.635548636317253113e-02 9.709262847900390625e-01 7.780342712067067623e-04
1.767638023011386395e-03 2.138118818402290344e-02 9.756683111190795898e-01 1.182902837172150612e-03
1.656824955716729164e-03 1.730328053236007690e-02 9.788529276847839355e-01 2.186970319598913193e-03
1.568247447721660137e-03 1.474627293646335602e-02 9.792438149452209473e-01 4.441691562533378601e-03
1.474917633458971977e-03 1.291182357817888260e-02 9.764032959938049316e-01 9.209979325532913208e-03
1.353695755824446678e-03 1.154017820954322815e-02 9.675170779228210449e-01 1.958910003304481506e-02
1.211059279739856720e-03 1.052391808480024338e-02 9.498876333236694336e-01 3.837743774056434631e-02
1.060743816196918488e-03 9.501447901129722595e-03 9.186151623725891113e-01 7.082269340753555298e-02
1.018748618662357330e-03 9.760982356965541840e-03 8.680339455604553223e-01 1.211863383650779724e-01
9.909824002534151077e-04 1.024721935391426086e-02 7.939288616180419922e-01 1.948329359292984009e-01
9.591828566044569016e-04 1.071806065738201141e-02 7.488780617713928223e-01 2.394446879625320435e-01
9.179922053590416908e-04 1.024412736296653748e-02 6.962443590164184570e-01 2.925935685634613037e-01
8.281196351163089275e-04 8.801667019724845886e-03 6.181833148002624512e-01 3.721868395805358887e-01
7.128703291527926922e-04 7.049183826893568039e-03 5.357823967933654785e-01 4.564556181430816650e-01
6.225961260497570038e-04 5.602451507002115250e-03 4.783931970596313477e-01 5.153818130493164062e-01
6.092123221606016159e-04 5.016305483877658844e-03 4.801802337169647217e-01 5.141943097114562988e-01
6.868456257507205009e-04 5.273722112178802490e-03 5.673428177833557129e-01 4.266966283321380615e-01
7.732158410362899303e-04 5.751433782279491425e-03 6.836976408958435059e-01 3.097776174545288086e-01
8.193450630642473698e-04 5.886238068342208862e-03 7.625295519828796387e-01 2.307649403810501099e-01
8.573327213525772095e-04 5.941105540841817856e-03 7.969708442687988281e-01 1.962307393550872803e-01
8.924314752221107483e-04 5.909372121095657349e-03 7.958207726478576660e-01 1.973774433135986328e-01
9.081107564270496368e-04 5.848435685038566589e-03 7.719265818595886230e-01 2.213168591260910034e-01
9.088354418054223061e-04 5.847969558089971542e-03 7.184473872184753418e-01 2.747958302497863770e-01
9.002317092381417751e-04 5.926286801695823669e-03 6.800544261932373047e-01 3.131191134452819824e-01
8.533609798178076744e-04 5.807098001241683960e-03 6.058179736137390137e-01 3.875215649604797363e-01
8.127583423629403114e-04 5.957506131380796432e-03 5.575827956199645996e-01 4.356468915939331055e-01
8.508754544891417027e-04 7.068096194416284561e-03 5.726062059402465820e-01 4.194747507572174072e-01
8.504564757458865643e-04 7.865373045206069946e-03 5.541462302207946777e-01 4.371379613876342773e-01
7.724791066721081734e-04 8.039283566176891327e-03 5.034137964248657227e-01 4.877744019031524658e-01
6.955000571906566620e-04 7.760029751807451248e-03 4.541849195957183838e-01 5.373595952987670898e-01
6.422519218176603317e-04 7.041128817945718765e-03 4.080064594745635986e-01 5.843101739883422852e-01
6.154252332635223866e-04 6.744806654751300812e-03 3.930845260620117188e-01 5.995552539825439453e-01
5.791820585727691650e-04 6.239200010895729065e-03 3.866254985332489014e-01 6.065561175346374512e-01
5.299891345202922821e-04 5.583972670137882233e-03 3.711210787296295166e-01 6.227649450302124023e-01
6.141773774288594723e-04 6.497990339994430542e-03 4.490257799625396729e-01 5.438620448112487793e-01
7.270380156114697456e-04 7.534469943493604660e-03 5.623925924301147461e-01 4.293459057807922363e-01
8.187629864551126957e-04 8.495465852320194244e-03 6.679300069808959961e-01 3.227557539939880371e-01
9.090203093364834785e-04 8.688984438776969910e-03 7.281524538993835449e-01 2.622495889663696289e-01
9.260232909582555294e-04 8.214003406465053558e-03 7.307727932929992676e-01 2.600872218608856201e-01
8.359656203538179398e-04 6.858782377094030380e-03 6.651009917259216309e-01 3.272043168544769287e-01
7.817188743501901627e-04 6.060198415070772171e-03 6.090509891510009766e-01 3.841071426868438721e-01
7.130657322704792023e-04 5.887695122510194778e-03 5.418648123741149902e-01 4.515344202518463135e-01
7.727714255452156067e-04 7.031951099634170532e-03 5.780859589576721191e-01 4.141092896461486816e-01
8.733950671739876270e-04 8.722730912268161774e-03 6.399851441383361816e-01 3.504187166690826416e-01
1.022180076688528061e-03 1.161428820341825485e-02 7.049270868301391602e-01 2.824363410472869873e-01
1.109851873479783535e-03 1.409325934946537018e-02 7.380306124687194824e-01 2.467662841081619263e-01
1.091511570848524570e-03 1.541700959205627441e-02 7.333970069885253906e-01 2.500944137573242188e-01
1.049751765094697475e-03 1.611667126417160034e-02 6.882897615432739258e-01 2.945437729358673096e-01
9.799682302400469780e-04 1.610516756772994995e-02 6.217772364616394043e-01 3.611377179622650146e-01
6.842422299087047577e-04 1.160831376910209656e-02 4.531859457492828369e-01 5.345214605331420898e-01
4.729945212602615356e-04 7.831608876585960388e-03 3.190067708492279053e-01 6.726886034011840820e-01
3.702164976857602596e-04 5.706468131393194199e-03 2.468221336603164673e-01 7.471012473106384277e-01
3.714310587383806705e-04 5.433965474367141724e-03 2.516238391399383545e-01 7.425707578659057617e-01
5.360133363865315914e-04 7.699403446167707443e-03 3.842657804489135742e-01 6.074988842010498047e-01
6.642528460361063480e-04 9.242757223546504974e-03 5.053800940513610840e-01 4.847129285335540771e-01
7.103921961970627308e-04 9.255373850464820862e-03 5.532047152519226074e-01 4.368295371532440186e-01
6.681242375634610653e-04 7.874399423599243164e-03 5.325286388397216797e-01 4.589288532733917236e-01
5.695659201592206955e-04 6.343695335090160370e-03 4.648765921592712402e-01 5.282101631164550781e-01
5.783445667475461960e-04 6.078213918954133987e-03 4.507403075695037842e-01 5.426031351089477539e-01
7.748976349830627441e-04 8.294923231005668640e-03 5.701541900634765625e-01 4.207759499549865723e-01
1.091644167900085449e-03 1.307449303567409515e-02 7.672919631004333496e-01 2.185418903827667236e-01
1.393669168464839458e-03 1.903614588081836700e-02 8.985650539398193359e-01 8.100514113903045654e-02
1.817363197915256023e-03 2.937875874340534210e-02 9.201064705848693848e-01 4.869736731052398682e-02
2.254563383758068085e-03 4.183793067932128906e-02 9.235035181045532227e-01 3.240405768156051636e-02
2.708374289795756340e-03 5.558397620916366577e-02 9.165271520614624023e-01 2.518050745129585266e-02
2.984702819958329201e-03 6.779494881629943848e-02 9.061847925186157227e-01 2.303552441298961639e-02
3.037922084331512451e-03 7.473395019769668579e-02 8.979280591011047363e-01 2.430008538067340851e-02
2.983488608151674271e-03 7.916813343763351440e-02 8.946067690849304199e-01 2.324159443378448486e-02
2.837110310792922974e-03 7.590416073799133301e-02 8.977039456367492676e-01 2.355480939149856567e-02
2.741257892921566963e-03 7.461716234683990479e-02 9.004179835319519043e-01 2.222367003560066223e-02
2.530961297452449799e-03 6.854498386383056641e-02 9.074234366416931152e-01 2.150067873299121857e-02
2.269973279908299446e-03 5.715566873550415039e-02 9.198983311653137207e-01 2.067605033516883850e-02
2.149549778550863266e-03 4.914859309792518616e-02 9.292323589324951172e-01 1.946943067014217377e-02
2.069956623017787933e-03 4.353808239102363586e-02 9.359859824180603027e-01 1.840591616928577423e-02
2.017043530941009521e-03 3.839107602834701538e-02 9.412993788719177246e-01 1.829254254698753357e-02
2.025246387347579002e-03 3.359447047114372253e-02 9.470740556716918945e-01 1.730619557201862335e-02
2.155321883037686348e-03 3.202471509575843811e-02 9.503271579742431641e-01 1.549276523292064667e-02
2.309981267899274826e-03 3.299516811966896057e-02 9.511836767196655273e-01 1.351107284426689148e-02
2.442728728055953979e-03 3.447467088699340820e-02 9.502635002136230469e-01 1.281917002052068710e-02
2.768924226984381676e-03 3.734442219138145447e-02 9.478309154510498047e-01 1.205577235668897629e-02
3.353495616465806961e-03 4.326890408992767334e-02 9.426249265670776367e-01 1.075268816202878952e-02
3.862804034724831581e-03 5.316897481679916382e-02 9.330498576164245605e-01 9.918311610817909241e-03
4.253641702234745026e-03 6.493227183818817139e-02 9.208459258079528809e-01 9.968195110559463501e-03
4.680267069488763809e-03 7.688830047845840454e-02 9.080318808555603027e-01 1.039959676563739777e-02
5.189289338886737823e-03 9.130632132291793823e-02 8.928223848342895508e-01 1.068198587745428085e-02
5.642462521791458130e-03 1.050598248839378357e-01 8.783786296844482422e-01 1.091913692653179169e-02
5.592997651547193527e-03 1.065276712179183960e-01 8.752430081367492676e-01 1.263640262186527252e-02
5.398065317422151566e-03 1.003614068031311035e-01 8.799028992652893066e-01 1.433765329420566559e-02
4.953447263687849045e-03 8.515758812427520752e-02 8.932560086250305176e-01 1.663297787308692932e-02
4.334510304033756256e-03 6.907732784748077393e-02 9.056090712547302246e-01 2.097905799746513367e-02
3.648498095571994781e-03 5.390926450490951538e-02 9.143075346946716309e-01 2.813472785055637360e-02
3.238316159695386887e-03 4.397501796483993530e-02 9.199503660202026367e-01 3.283624351024627686e-02
3.299445379525423050e-03 4.331186786293983459e-02 9.252112507820129395e-01 2.817745506763458252e-02
3.295712172985076904e-03 4.272186756134033203e-02 9.279946684837341309e-01 2.598772197961807251e-02
3.155700396746397018e-03 3.935790807008743286e-02 9.303300380706787109e-01 2.715639770030975342e-02
3.023249795660376549e-03 3.390441089868545532e-02 9.336550831794738770e-01 2.941726520657539368e-02
2.866614609956741333e-03 2.724291756749153137e-02 9.344114661216735840e-01 3.547904640436172485e-02
2.669018460437655449e-03 2.305755950510501862e-02 9.284579157829284668e-01 4.581552371382713318e-02
2.389086177572607994e-03 1.891915500164031982e-02 9.068611264228820801e-01 7.183054089546203613e-02
2.167922910302877426e-03 1.536720991134643555e-02 8.126378059387207031e-01 1.698270291090011597e-01
1.892175991088151932e-03 1.239913888275623322e-02 6.685523986816406250e-01 3.171562552452087402e-01
1.995801925659179688e-03 1.352348458021879196e-02 6.802222728729248047e-01 3.042584657669067383e-01
2.381551079452037811e-03 1.816191710531711578e-02 7.892287373542785645e-01 1.902277916669845581e-01
2.687786938622593880e-03 2.185110561549663544e-02 8.599585890769958496e-01 1.155024766921997070e-01
2.963007660582661629e-03 2.576484531164169312e-02 8.953552842140197754e-01 7.591686397790908813e-02
2.981798723340034485e-03 2.819153480231761932e-02 8.963266015052795410e-01 7.250010222196578979e-02
2.822033595293760300e-03 2.850920334458351135e-02 8.866633772850036621e-01 8.200531452894210815e-02
2.542394213378429413e-03 2.532190084457397461e-02 8.582929968833923340e-01 1.138427555561065674e-01
2.315345220267772675e-03 2.087442576885223389e-02 7.834781408309936523e-01 1.933321058750152588e-01
1.910606166347861290e-03 1.519815344363451004e-02 6.460564136505126953e-01 3.368348777294158936e-01
1.541747362352907658e-03 1.169189065694808960e-02 5.485157370567321777e-01 4.382505714893341064e-01
1.352209714241325855e-03 9.744080714881420135e-03 5.186254382133483887e-01 4.702782332897186279e-01
1.494106836616992950e-03 1.092926971614360809e-02 6.203878521919250488e-01 3.671888113021850586e-01
1.624883152544498444e-03 1.240894757211208344e-02 7.104492187500000000e-01 2.755169868469238281e-01
1.694407546892762184e-03 1.332909893244504929e-02 7.669880390167236328e-01 2.179885208606719971e-01
1.722159679047763348e-03 1.328033301979303360e-02 8.047907948493957520e-01 1.802067458629608154e-01
1.784975291229784489e-03 1.305301301181316376e-02 8.159741163253784180e-01 1.691878736019134521e-01
1.842747209593653679e-03 1.275760121643543243e-02 8.116173148155212402e-01 1.737823635339736938e-01
1.848785323090851307e-03 1.183527335524559021e-02 7.734650969505310059e-01 2.128508239984512329e-01
1.858050702139735222e-03 1.139253471046686172e-02 7.447096109390258789e-01 2.420397847890853882e-01
1.875973539426922798e-03 1.176219619810581207e-02 7.423572540283203125e-01 2.440045624971389771e-01
1.919558737426996231e-03 1.342833787202835083e-02 7.805917859077453613e-01 2.040602862834930420e-01
2.033599652349948883e-03 1.575049757957458496e-02 8.359430432319641113e-01 1.462728828191757202e-01
2.105596475303173065e-03 1.727341674268245697e-02 8.649740815162658691e-01 1.156468242406845093e-01
2.224561059847474098e-03 1.883510313928127289e-02 8.818689584732055664e-01 9.707136452198028564e-02
2.151293680071830750e-03 1.916775852441787720e-02 8.613402247428894043e-01 1.173406317830085754e-01
1.993059879168868065e-03 1.861038990318775177e-02 7.960912585258483887e-01 1.833052188158035278e-01
1.738371094688773155e-03 1.593945361673831940e-02 6.823148727416992188e-01 3.000074028968811035e-01
1.364231458865106106e-03 1.224524714052677155e-02 5.230262279510498047e-01 4.633642733097076416e-01
9.400203125551342964e-04 8.033154532313346863e-03 3.539342284202575684e-01 6.370925903320312500e-01
8.989172056317329407e-04 7.656456436961889267e-03 3.504424691200256348e-01 6.410021781921386719e-01
1.056371023878455162e-03 8.951582945883274078e-03 4.313279092311859131e-01 5.586641430854797363e-01
1.307466067373752594e-03 1.131224725395441055e-02 5.672702789306640625e-01 4.201100468635559082e-01
1.471607829444110394e-03 1.290411036461591721e-02 6.733565330505371094e-01 3.122677206993103027e-01
1.523940591141581535e-03 1.324530225247144699e-02 7.243254780769348145e-01 2.609052956104278564e-01
1.493068295530974865e-03 1.228477898985147476e-02 7.019450068473815918e-01 2.842771708965301514e-01
1.358152483589947224e-03 1.013944856822490692e-02 6.199237704277038574e-01 3.685786128044128418e-01
1.209011767059564590e-03 8.537746034562587738e-03 5.337219238281250000e-01 4.565312266349792480e-01
1.221606857143342495e-03 8.452580310404300690e-03 5.079256892204284668e-01 4.824001789093017578e-01
1.327602542005479336e-03 9.119855239987373352e-03 5.193572640419006348e-01 4.701952934265136719e-01
1.521590980701148510e-03 1.067454833537340164e-02 5.661084651947021484e-01 4.216953814029693604e-01
1.690125791355967522e-03 1.264941412955522537e-02 6.255545616149902344e-01 3.601059019565582275e-01
1.855315873399376869e-03 1.523786596953868866e-02 6.880186200141906738e-01 2.948881685733795166e-01
1.913634943775832653e-03 1.704003661870956421e-02 7.209985256195068359e-01 2.600478231906890869e-01
1.985439797863364220e-03 1.923495344817638397e-02 7.371038198471069336e-01 2.416757345199584961e-01
2.009854884818196297e-03 2.051449753344058990e-02 7.282819747924804688e-01 2.491937726736068726e-01
1.950689940713346004e-03 2.123650349676609039e-02 6.951119303703308105e-01 2.817008793354034424e-01
1.675268402323126793e-03 1.853039301931858063e-02 5.951675176620483398e-01 3.846267759799957275e-01
1.291901106014847755e-03 1.406455878168344498e-02 4.661236703395843506e-01 5.185198783874511719e-01
1.116193481720983982e-03 1.259880047291517258e-02 4.187313914299011230e-01 5.675535798072814941e-01
1.160257612355053425e-03 1.363881584256887436e-02 4.604129195213317871e-01 5.247879624366760254e-01
1.229476649314165115e-03 1.452921796590089798e-02 4.975953698158264160e-01 4.866459071636199951e-01
1.341132912784814835e-03 1.592863537371158600e-02 5.560804009437561035e-01 4.266498088836669922e-01
1.458966988138854504e-03 1.781643740832805634e-02 6.192496418952941895e-01 3.614750206470489502e-01
1.476084114983677864e-03 1.835120469331741333e-02 6.432960629463195801e-01 3.368765413761138916e-01
1.503407838754355907e-03 1.844472438097000122e-02 6.605180501937866211e-01 3.195337653160095215e-01
1.577134360559284687e-03 1.907393895089626312e-02 7.015715837478637695e-01 2.777773737907409668e-01
1.593405962921679020e-03 1.915064640343189240e-02 7.369722127914428711e-01 2.422837615013122559e-01
1.530185807496309280e-03 1.828533038496971130e-02 7.421382665634155273e-01 2.380461841821670532e-01
1.412566285580396652e-03 1.832653768360614777e-02 7.730576395988464355e-01 2.072032243013381958e-01
1.268622931092977524e-03 1.952798850834369659e-02 8.344852328300476074e-01 1.447180807590484619e-01
1.181654282845556736e-03 2.374436520040035248e-02 9.060434699058532715e-01 6.903050839900970459e-02
