5.393315553665161133e-01 6.142412424087524414e-01 7.609087228775024414e-01 8.005531430244445801e-01 7.895221114158630371e-01 7.622619867324829102e-01
5.393315553665161133e-01 6.142412424087524414e-01 7.609087228775024414e-01 8.005531430244445801e-01 7.895221114158630371e-01 7.622619867324829102e-01
5.393315553665161133e-01 6.142412424087524414e-01 7.609087228775024414e-01 8.005531430244445801e-01 7.895221114158630371e-01 7.622619867324829102e-01
5.150048732757568359e-01 5.678287148475646973e-01 6.728425025939941406e-01 7.006516456604003906e-01 6.901580095291137695e-01 6.732034087181091309e-01
5.159279108047485352e-01 5.700497627258300781e-01 6.716576814651489258e-01 7.005547285079956055e-01 6.893408298492431641e-01 6.718614101409912109e-01
5.156122446060180664e-01 5.704550147056579590e-01 6.694031953811645508e-01 6.999237537384033203e-01 6.884418725967407227e-01 6.715247035026550293e-01
5.154342055320739746e-01 5.703628063201904297e-01 6.681478023529052734e-01 6.996725797653198242e-01 6.882856488227844238e-01 6.709905862808227539e-01
5.152642726898193359e-01 5.617555379867553711e-01 6.631478071212768555e-01 6.941975951194763184e-01 6.857556104660034180e-01 6.679353117942810059e-01
5.148472189903259277e-01 5.613187551498413086e-01 6.595906019210815430e-01 6.894434690475463867e-01 6.838153600692749023e-01 6.661220192909240723e-01
5.148240327835083008e-01 5.618442296981811523e-01 6.591001749038696289e-01 6.887918710708618164e-01 6.822983026504516602e-01 6.654089093208312988e-01
5.144677162170410156e-01 5.620897412300109863e-01 6.572015285491943359e-01 6.889027357101440430e-01 6.819120645523071289e-01 6.650473475456237793e-01
5.141527652740478516e-01 5.624925494194030762e-01 6.567286252975463867e-01 6.888287067413330078e-01 6.792738437652587891e-01 6.631785631179809570e-01
5.140295624732971191e-01 5.625513195991516113e-01 6.555031538009643555e-01 6.884908080101013184e-01 6.787909269332885742e-01 6.622205972671508789e-01
5.139934420585632324e-01 5.656349658966064453e-01 6.554160714149475098e-01 6.882737874984741211e-01 6.779520511627197266e-01 6.609741449356079102e-01
5.139009952545166016e-01 5.654088854789733887e-01 6.547138094902038574e-01 6.882303953170776367e-01 6.777752041816711426e-01 6.607029438018798828e-01
5.136951208114624023e-01 5.660580992698669434e-01 6.546454429626464844e-01 6.880789995193481445e-01 6.773089766502380371e-01 6.598697304725646973e-01
5.136951208114624023e-01 5.660580992698669434e-01 6.546454429626464844e-01 6.880789995193481445e-01 6.773089766502380371e-01 6.598697304725646973e-01
5.136663317680358887e-01 5.658832788467407227e-01 6.546193361282348633e-01 6.880775094032287598e-01 6.772165298461914062e-01 6.598662734031677246e-01
5.136383771896362305e-01 5.708678960800170898e-01 6.546518206596374512e-01 6.881933212280273438e-01 6.772105097770690918e-01 6.592984199523925781e-01
5.136102437973022461e-01 5.713140368461608887e-01 6.551357507705688477e-01 6.885393857955932617e-01 6.774729490280151367e-01 6.598765850067138672e-01
5.135725736618041992e-01 5.704606175422668457e-01 6.552154421806335449e-01 6.889493465423583984e-01 6.782112121582031250e-01 6.607120037078857422e-01
5.135725736618041992e-01 5.704606175422668457e-01 6.552154421806335449e-01 6.889493465423583984e-01 6.782112121582031250e-01 6.607120037078857422e-01
5.133180618286132812e-01 5.681858062744140625e-01 6.542359590530395508e-01 6.889506578445434570e-01 6.781678795814514160e-01 6.606138348579406738e-01
5.132970809936523438e-01 5.656706690788269043e-01 6.539493799209594727e-01 6.889511942863464355e-01 6.782072782516479492e-01 6.606339216232299805e-01
5.132730603218078613e-01 5.665490031242370605e-01 6.544905900955200195e-01 6.893224120140075684e-01 6.782479882240295410e-01 6.607528924942016602e-01
5.132730603218078613e-01 5.665490031242370605e-01 6.544905900955200195e-01 6.893224120140075684e-01 6.782479882240295410e-01 6.607528924942016602e-01
5.131627321243286133e-01 5.666312575340270996e-01 6.545112729072570801e-01 6.893311142921447754e-01 6.782938241958618164e-01 6.609135866165161133e-01
5.133049488067626953e-01 5.666923522949218750e-01 6.549166440963745117e-01 6.897546052932739258e-01 6.787905693054199219e-01 6.615876555442810059e-01
5.132977366447448730e-01 5.663986802101135254e-01 6.549655795097351074e-01 6.911929845809936523e-01 6.803625822067260742e-01 6.626670360565185547e-01
5.132977366447448730e-01 5.663986802101135254e-01 6.549655795097351074e-01 6.911929845809936523e-01 6.803625822067260742e-01 6.626670360565185547e-01
5.135331749916076660e-01 5.677411556243896484e-01 6.556020379066467285e-01 6.917484998703002930e-01 6.802563667297363281e-01 6.626078486442565918e-01
5.134969949722290039e-01 5.664716958999633789e-01 6.537960767745971680e-01 6.897310018539428711e-01 6.794127225875854492e-01 6.616423726081848145e-01
5.134174823760986328e-01 5.665451884269714355e-01 6.539469957351684570e-01 6.912445425987243652e-01 6.807575225830078125e-01 6.624482870101928711e-01
5.134290456771850586e-01 5.676413774490356445e-01 6.553093194961547852e-01 6.923941373825073242e-01 6.807525753974914551e-01 6.624906063079833984e-01
5.134215354919433594e-01 5.680148601531982422e-01 6.552034616470336914e-01 6.922685503959655762e-01 6.803550720214843750e-01 6.620909571647644043e-01
5.129482150077819824e-01 5.664157271385192871e-01 6.552018523216247559e-01 6.909594535827636719e-01 6.798328161239624023e-01 6.617242097854614258e-01
5.133428573608398438e-01 5.666764974594116211e-01 6.548823714256286621e-01 6.907918453216552734e-01 6.797322630882263184e-01 6.615803837776184082e-01
5.134764909744262695e-01 5.691202282905578613e-01 6.559965014457702637e-01 6.923640966415405273e-01 6.798437833786010742e-01 6.617422103881835938e-01
5.134878158569335938e-01 5.679365992546081543e-01 6.560381650924682617e-01 6.923910379409790039e-01 6.801186800003051758e-01 6.621397733688354492e-01
5.134878158569335938e-01 5.679365992546081543e-01 6.560381650924682617e-01 6.923910379409790039e-01 6.801186800003051758e-01 6.621397733688354492e-01
5.133270621299743652e-01 5.676140189170837402e-01 6.558951139450073242e-01 6.923845410346984863e-01 6.801162958145141602e-01 6.621537208557128906e-01
5.131767988204956055e-01 5.655581951141357422e-01 6.558986306190490723e-01 6.923066377639770508e-01 6.801291704177856445e-01 6.622083783149719238e-01
5.128404498100280762e-01 5.663834810256958008e-01 6.558996438980102539e-01 6.914583444595336914e-01 6.798075437545776367e-01 6.619901657104492188e-01
5.128966569900512695e-01 5.666491985321044922e-01 6.563730239868164062e-01 6.914399862289428711e-01 6.798101663589477539e-01 6.620322465896606445e-01
5.128334760665893555e-01 5.658258199691772461e-01 6.563839912414550781e-01 6.914435029029846191e-01 6.801027059555053711e-01 6.622855663299560547e-01
5.128334760665893555e-01 5.658258199691772461e-01 6.563839912414550781e-01 6.914435029029846191e-01 6.801027059555053711e-01 6.622855663299560547e-01
5.127565264701843262e-01 5.666171312332153320e-01 6.564485430717468262e-01 6.905125379562377930e-01 6.780037283897399902e-01 6.607509255409240723e-01
5.127974748611450195e-01 5.666426420211791992e-01 6.564682722091674805e-01 6.928715109825134277e-01 6.807438135147094727e-01 6.627060770988464355e-01
5.127974748611450195e-01 5.666426420211791992e-01 6.564682722091674805e-01 6.928715109825134277e-01 6.807438135147094727e-01 6.627060770988464355e-01
5.128310322761535645e-01 5.700896978378295898e-01 6.567860841751098633e-01 6.930176615715026855e-01 6.803488135337829590e-01 6.625362634658813477e-01
5.830814242362976074e-01 9.081606268882751465e-01 7.388617396354675293e-01 6.447564363479614258e-01 6.024910807609558105e-01 6.362562179565429688e-01
5.830814242362976074e-01 9.081606268882751465e-01 7.388617396354675293e-01 6.447564363479614258e-01 6.024910807609558105e-01 6.362562179565429688e-01
5.830814242362976074e-01 9.081606268882751465e-01 7.388617396354675293e-01 6.447564363479614258e-01 6.024910807609558105e-01 6.362562179565429688e-01
6.498401761054992676e-01 8.867302536964416504e-01 7.419999241828918457e-01 6.834576725959777832e-01 6.476938724517822266e-01 6.718217134475708008e-01
6.493369936943054199e-01 8.841428160667419434e-01 7.358473539352416992e-01 6.807918548583984375e-01 6.477503180503845215e-01 6.710819602012634277e-01
6.486582159996032715e-01 8.773041963577270508e-01 7.245241999626159668e-01 6.753137111663818359e-01 6.428857445716857910e-01 6.640930175781250000e-01
6.485213637351989746e-01 8.763111233711242676e-01 7.247810363769531250e-01 6.757004261016845703e-01 6.436321139335632324e-01 6.648176312446594238e-01
6.484643816947937012e-01 8.769019246101379395e-01 7.252395749092102051e-01 6.795493960380554199e-01 6.456224918365478516e-01 6.664149165153503418e-01
6.484804749488830566e-01 8.767967224121093750e-01 7.260777354240417480e-01 6.796375513076782227e-01 6.460752487182617188e-01 6.667096018791198730e-01
6.485893726348876953e-01 8.789806365966796875e-01 7.264325618743896484e-01 6.785805225372314453e-01 6.453006267547607422e-01 6.655542254447937012e-01
6.490650773048400879e-01 8.808033466339111328e-01 7.267383933067321777e-01 6.786338686943054199e-01 6.453878879547119141e-01 6.656911373138427734e-01
6.506834626197814941e-01 8.809561133384704590e-01 7.272125482559204102e-01 6.785299777984619141e-01 6.452991366386413574e-01 6.658527851104736328e-01
6.507483720779418945e-01 8.808124661445617676e-01 7.294616699218750000e-01 6.838721632957458496e-01 6.490630507469177246e-01 6.700855493545532227e-01
6.514217853546142578e-01 8.817428946495056152e-01 7.304993867874145508e-01 6.833525300025939941e-01 6.489917635917663574e-01 6.701389551162719727e-01
6.514215469360351562e-01 8.817512989044189453e-01 7.329412102699279785e-01 6.855046749114990234e-01 6.510481238365173340e-01 6.717649698257446289e-01
6.516764760017395020e-01 8.822599649429321289e-01 7.335199713706970215e-01 6.852353811264038086e-01 6.510087251663208008e-01 6.719282269477844238e-01
6.516764760017395020e-01 8.822599649429321289e-01 7.335199713706970215e-01 6.852353811264038086e-01 6.510087251663208008e-01 6.719282269477844238e-01
6.516543626785278320e-01 8.819766640663146973e-01 7.336622476577758789e-01 6.852912902832031250e-01 6.519229412078857422e-01 6.721841692924499512e-01
6.526439785957336426e-01 8.838196396827697754e-01 7.336897253990173340e-01 6.825543045997619629e-01 6.497241854667663574e-01 6.717363595962524414e-01
6.525704860687255859e-01 8.837489485740661621e-01 7.337306141853332520e-01 6.821839809417724609e-01 6.495502591133117676e-01 6.717299222946166992e-01
6.524579524993896484e-01 8.834001421928405762e-01 7.348292469978332520e-01 6.829410791397094727e-01 6.519304513931274414e-01 6.726618409156799316e-01
6.524579524993896484e-01 8.834001421928405762e-01 7.348292469978332520e-01 6.829410791397094727e-01 6.519304513931274414e-01 6.726618409156799316e-01
6.524294614791870117e-01 8.843203783035278320e-01 7.360069751739501953e-01 6.833708286285400391e-01 6.527389883995056152e-01 6.733425855636596680e-01
6.525059342384338379e-01 8.846247792243957520e-01 7.365463376045227051e-01 6.835324168205261230e-01 6.541749238967895508e-01 6.740064620971679688e-01
6.523837447166442871e-01 8.846694231033325195e-01 7.338256239891052246e-01 6.800674796104431152e-01 6.479282975196838379e-01 6.706159710884094238e-01
6.523837447166442871e-01 8.846694231033325195e-01 7.338256239891052246e-01 6.800674796104431152e-01 6.479282975196838379e-01 6.706159710884094238e-01
6.524467468261718750e-01 8.846803307533264160e-01 7.338562607765197754e-01 6.802424788475036621e-01 6.479229331016540527e-01 6.706454753875732422e-01
6.524621844291687012e-01 8.841024637222290039e-01 7.335573434829711914e-01 6.802656054496765137e-01 6.476404666900634766e-01 6.706685423851013184e-01
6.525641083717346191e-01 8.848787546157836914e-01 7.357217073440551758e-01 6.844221353530883789e-01 6.499745249748229980e-01 6.724213361740112305e-01
6.525641083717346191e-01 8.848787546157836914e-01 7.357217073440551758e-01 6.844221353530883789e-01 6.499745249748229980e-01 6.724213361740112305e-01
6.524982452392578125e-01 8.849648833274841309e-01 7.361983060836791992e-01 6.845716238021850586e-01 6.499720215797424316e-01 6.728112697601318359e-01
6.527397632598876953e-01 8.851550817489624023e-01 7.369832396507263184e-01 6.871028542518615723e-01 6.513373851776123047e-01 6.738989949226379395e-01
6.527431011199951172e-01 8.851206302642822266e-01 7.372072935104370117e-01 6.888194680213928223e-01 6.520220637321472168e-01 6.747772097587585449e-01
6.527183055877685547e-01 8.851117491722106934e-01 7.356649041175842285e-01 6.868457794189453125e-01 6.505510210990905762e-01 6.737468838691711426e-01
6.527177691459655762e-01 8.855527639389038086e-01 7.366904020309448242e-01 6.868342757225036621e-01 6.507987380027770996e-01 6.738384962081909180e-01
6.531795859336853027e-01 8.854308724403381348e-01 7.365754842758178711e-01 6.860564947128295898e-01 6.507122516632080078e-01 6.734510660171508789e-01
6.531776189804077148e-01 8.853526711463928223e-01 7.361251711845397949e-01 6.850739717483520508e-01 6.493486166000366211e-01 6.728557944297790527e-01
6.520376205444335938e-01 8.856049776077270508e-01 7.359756231307983398e-01 6.836893558502197266e-01 6.472522020339965820e-01 6.721925139427185059e-01
6.522800326347351074e-01 8.863800764083862305e-01 7.370730638504028320e-01 6.871599555015563965e-01 6.512559056282043457e-01 6.741775870323181152e-01
6.522800326347351074e-01 8.863800764083862305e-01 7.370730638504028320e-01 6.871599555015563965e-01 6.512559056282043457e-01 6.741775870323181152e-01
6.522881388664245605e-01 8.866810202598571777e-01 7.370766401290893555e-01 6.871487498283386230e-01 6.515333056449890137e-01 6.741579174995422363e-01
6.522786021232604980e-01 8.848308920860290527e-01 7.367905378341674805e-01 6.868603825569152832e-01 6.521751284599304199e-01 6.741636395454406738e-01
6.522757411003112793e-01 8.841193914413452148e-01 7.372271418571472168e-01 6.871766448020935059e-01 6.534917950630187988e-01 6.751114130020141602e-01
6.522700786590576172e-01 8.840967416763305664e-01 7.351409196853637695e-01 6.824643611907958984e-01 6.502646803855895996e-01 6.732469201087951660e-01
6.524206399917602539e-01 8.844376206398010254e-01 7.369349598884582520e-01 6.864829659461975098e-01 6.533890962600708008e-01 6.760560274124145508e-01
6.524206399917602539e-01 8.844376206398010254e-01 7.369349598884582520e-01 6.864829659461975098e-01 6.533890962600708008e-01 6.760560274124145508e-01
6.522561311721801758e-01 8.852212429046630859e-01 7.362435460090637207e-01 6.839615702629089355e-01 6.501725912094116211e-01 6.751842498779296875e-01
6.525395512580871582e-01 8.861632943153381348e-01 7.366572022438049316e-01 6.885528564453125000e-01 6.528545022010803223e-01 6.762282252311706543e-01
6.525395512580871582e-01 8.861632943153381348e-01 7.366572022438049316e-01 6.885528564453125000e-01 6.528545022010803223e-01 6.762282252311706543e-01
6.524935364723205566e-01 8.883306384086608887e-01 7.363367676734924316e-01 6.867607831954956055e-01 6.509310603141784668e-01 6.754804849624633789e-01
-5.594789236783981323e-02 -3.082540333271026611e-01 -8.833122253417968750e-01 -9.918384552001953125e-01 -9.704819917678833008e-01 -8.993830680847167969e-01
-5.594789236783981323e-02 -3.082540333271026611e-01 -8.833122253417968750e-01 -9.918384552001953125e-01 -9.704819917678833008e-01 -8.993830680847167969e-01
-5.594789236783981323e-02 -3.082540333271026611e-01 -8.833122253417968750e-01 -9.918384552001953125e-01 -9.704819917678833008e-01 -8.993830680847167969e-01
1.917813904583454132e-02 -1.177768111228942871e-01 -5.175868868827819824e-01 -6.240013837814331055e-01 -6.636127233505249023e-01 -5.555257201194763184e-01
2.006589807569980621e-02 -1.395563632249832153e-01 -5.354862213134765625e-01 -6.388667225837707520e-01 -6.623700857162475586e-01 -5.627621412277221680e-01
2.008765004575252533e-02 -1.502790600061416626e-01 -5.662605762481689453e-01 -6.673719882965087891e-01 -6.800262928009033203e-01 -5.916020274162292480e-01
1.391809433698654175e-02 -1.512231826782226562e-01 -5.655164718627929688e-01 -6.610678434371948242e-01 -6.663553118705749512e-01 -5.885474681854248047e-01
-5.006391555070877075e-02 -2.222222387790679932e-01 -6.991972923278808594e-01 -7.973972558975219727e-01 -8.053332567214965820e-01 -7.232894301414489746e-01
-5.315168946981430054e-02 -2.383842468261718750e-01 -7.295252680778503418e-01 -8.270417451858520508e-01 -8.325481414794921875e-01 -7.506729364395141602e-01
-4.463319107890129089e-02 -2.543979883193969727e-01 -7.569509744644165039e-01 -8.563401103019714355e-01 -8.494203686714172363e-01 -7.728189229965209961e-01
-3.726153820753097534e-02 -2.370923757553100586e-01 -7.189815640449523926e-01 -8.171263933181762695e-01 -8.133279681205749512e-01 -7.359374761581420898e-01
-3.818202391266822815e-02 -2.488883286714553833e-01 -7.041757702827453613e-01 -7.972668409347534180e-01 -7.906993627548217773e-01 -7.176231145858764648e-01
-6.756009906530380249e-02 -2.806231677532196045e-01 -7.731353640556335449e-01 -8.675600290298461914e-01 -8.659994006156921387e-01 -7.906213998794555664e-01
-5.817076563835144043e-02 -2.901453673839569092e-01 -7.936230301856994629e-01 -8.898904919624328613e-01 -8.735753893852233887e-01 -8.054976463317871094e-01
-5.514813214540481567e-02 -2.714416980743408203e-01 -7.566829323768615723e-01 -8.530923128128051758e-01 -8.455514907836914062e-01 -7.721743583679199219e-01
-5.251247808337211609e-02 -2.655092477798461914e-01 -7.404196858406066895e-01 -8.373052477836608887e-01 -8.382319211959838867e-01 -7.576388120651245117e-01
-5.251247808337211609e-02 -2.655092477798461914e-01 -7.404196858406066895e-01 -8.373052477836608887e-01 -8.382319211959838867e-01 -7.576388120651245117e-01
-6.188581138849258423e-02 -2.808657288551330566e-01 -7.701476216316223145e-01 -8.672984838485717773e-01 -8.622425794601440430e-01 -7.861170172691345215e-01
-7.112628221511840820e-02 -3.154166638851165771e-01 -8.388763666152954102e-01 -9.341694116592407227e-01 -9.202235937118530273e-01 -8.506992459297180176e-01
-7.254330068826675415e-02 -3.052360415458679199e-01 -8.089930415153503418e-01 -9.030354619026184082e-01 -8.928066492080688477e-01 -8.227733373641967773e-01
-7.388629019260406494e-02 -2.997831404209136963e-01 -7.711497545242309570e-01 -8.567457199096679688e-01 -8.490992784500122070e-01 -7.848372459411621094e-01
-7.388629019260406494e-02 -2.997831404209136963e-01 -7.711497545242309570e-01 -8.567457199096679688e-01 -8.490992784500122070e-01 -7.848372459411621094e-01
-7.316119968891143799e-02 -2.945225834846496582e-01 -7.853465676307678223e-01 -8.777376413345336914e-01 -8.727160692214965820e-01 -8.020056486129760742e-01
-7.427554577589035034e-02 -2.869882285594940186e-01 -7.740761637687683105e-01 -8.601574897766113281e-01 -8.574587702751159668e-01 -7.909161448478698730e-01
-6.390346586704254150e-02 -2.852262854576110840e-01 -7.860621809959411621e-01 -8.785622715950012207e-01 -8.684734106063842773e-01 -8.003220558166503906e-01
-6.390346586704254150e-02 -2.852262854576110840e-01 -7.860621809959411621e-01 -8.785622715950012207e-01 -8.684734106063842773e-01 -8.003220558166503906e-01
-6.986264884471893311e-02 -2.946672141551971436e-01 -8.248939514160156250e-01 -9.180329442024230957e-01 -9.135080575942993164e-01 -8.415726423263549805e-01
-8.080076426267623901e-02 -3.038003742694854736e-01 -8.216336369514465332e-01 -9.124301075935363770e-01 -9.086493253707885742e-01 -8.382412195205688477e-01
-8.203160017728805542e-02 -3.033501207828521729e-01 -8.177546262741088867e-01 -9.083458781242370605e-01 -9.055672883987426758e-01 -8.348417282104492188e-01
-8.203160017728805542e-02 -3.033501207828521729e-01 -8.177546262741088867e-01 -9.083458781242370605e-01 -9.055672883987426758e-01 -8.348417282104492188e-01
-7.181672006845474243e-02 -2.977393865585327148e-01 -8.029025793075561523e-01 -8.959636688232421875e-01 -8.922352790832519531e-01 -8.191094398498535156e-01
-7.536796480417251587e-02 -3.014189302921295166e-01 -8.075138330459594727e-01 -8.986532092094421387e-01 -8.943136334419250488e-01 -8.235348463058471680e-01
-7.616937160491943359e-02 -3.016524910926818848e-01 -8.254280090332031250e-01 -9.192978739738464355e-01 -9.183958172798156738e-01 -8.436855077743530273e-01
-7.077769935131072998e-02 -2.976966500282287598e-01 -7.954109907150268555e-01 -8.905642628669738770e-01 -8.787544369697570801e-01 -8.096925616264343262e-01
-5.583608150482177734e-02 -2.899479866027832031e-01 -7.865663170814514160e-01 -8.846372365951538086e-01 -8.695132136344909668e-01 -7.995146512985229492e-01
-6.559773534536361694e-02 -2.970135211944580078e-01 -8.102796673774719238e-01 -9.058084487915039062e-01 -8.976809382438659668e-01 -8.251770734786987305e-01
-7.040698826313018799e-02 -2.933291196823120117e-01 -7.889358997344970703e-01 -8.774123191833496094e-01 -8.702737689018249512e-01 -8.034286499023437500e-01
-6.953994184732437134e-02 -2.926061153411865234e-01 -7.705380916595458984e-01 -8.606729507446289062e-01 -8.474990129470825195e-01 -7.827731966972351074e-01
-7.306139171123504639e-02 -2.994770407676696777e-01 -8.063050508499145508e-01 -9.006538391113281250e-01 -8.927162289619445801e-01 -8.219025731086730957e-01
-7.306139171123504639e-02 -2.994770407676696777e-01 -8.063050508499145508e-01 -9.006538391113281250e-01 -8.927162289619445801e-01 -8.219025731086730957e-01
-7.235297560691833496e-02 -2.817687988281250000e-01 -7.892885804176330566e-01 -8.824366331100463867e-01 -8.809725046157836914e-01 -8.067538142204284668e-01
-6.965150684118270874e-02 -2.657267451286315918e-01 -7.321259975433349609e-01 -8.184702992439270020e-01 -8.106768727302551270e-01 -7.470961809158325195e-01
-6.343697756528854370e-02 -2.684091925621032715e-01 -7.479908466339111328e-01 -8.420251607894897461e-01 -8.355705142021179199e-01 -7.638419866561889648e-01
-5.231940001249313354e-02 -2.645506560802459717e-01 -7.334205508232116699e-01 -8.263713717460632324e-01 -8.111159205436706543e-01 -7.457202076911926270e-01
-5.877143889665603638e-02 -2.702805399894714355e-01 -7.467693090438842773e-01 -8.339810371398925781e-01 -8.216701745986938477e-01 -7.597490549087524414e-01
-5.877143889665603638e-02 -2.702805399894714355e-01 -7.467693090438842773e-01 -8.339810371398925781e-01 -8.216701745986938477e-01 -7.597490549087524414e-01
-5.946931242942810059e-02 -2.748360633850097656e-01 -7.733406424522399902e-01 -8.645491600036621094e-01 -8.491233587265014648e-01 -7.848266363143920898e-01
-7.904985547065734863e-02 -2.972098588943481445e-01 -8.183628320693969727e-01 -9.082127809524536133e-01 -9.051292538642883301e-01 -8.352168798446655273e-01
-7.904985547065734863e-02 -2.972098588943481445e-01 -8.183628320693969727e-01 -9.082127809524536133e-01 -9.051292538642883301e-01 -8.352168798446655273e-01
-6.008934229612350464e-02 -2.678559422492980957e-01 -7.423940896987915039e-01 -8.292582631111145020e-01 -8.127651214599609375e-01 -7.532446384429931641e-01
