5.106118917465209961e-01 6.273573637008666992e-01 -1.255689710378646851e-01 6.562336087226867676e-01 7.749077677726745605e-01 -3.968968391418457031e-01 6.844124197959899902e-01 5.398184061050415039e-01 -8.970946073532104492e-01 6.900582313537597656e-01 4.688075184822082520e-01 -9.896352887153625488e-01 6.757020950317382812e-01 4.504104554653167725e-01 -9.658853411674499512e-01 6.669846773147583008e-01 4.791938364505767822e-01 -9.038262367248535156e-01
5.106118917465209961e-01 6.273573637008666992e-01 -1.255689710378646851e-01 6.562336087226867676e-01 7.749077677726745605e-01 -3.968968391418457031e-01 6.844124197959899902e-01 5.398184061050415039e-01 -8.970946073532104492e-01 6.900582313537597656e-01 4.688075184822082520e-01 -9.896352887153625488e-01 6.757020950317382812e-01 4.504104554653167725e-01 -9.658853411674499512e-01 6.669846773147583008e-01 4.791938364505767822e-01 -9.038262367248535156e-01
5.106247663497924805e-01 6.269412636756896973e-01 -1.242384687066078186e-01 6.565668582916259766e-01 7.749140262603759766e-01 -3.965566158294677734e-01 6.844371557235717773e-01 5.405198335647583008e-01 -8.984392285346984863e-01 6.905568242073059082e-01 4.690506756305694580e-01 -9.911026954650878906e-01 6.759132146835327148e-01 4.505950212478637695e-01 -9.674909710884094238e-01 6.670139431953430176e-01 4.792483448982238770e-01 -9.054540395736694336e-01
5.107795596122741699e-01 6.263183355331420898e-01 -1.229973062872886658e-01 6.567800641059875488e-01 7.748914957046508789e-01 -4.001522660255432129e-01 6.845403909683227539e-01 5.409816503524780273e-01 -9.165973663330078125e-01 6.908055543899536133e-01 4.692031741142272949e-01 -1.015413522720336914e+00 6.761159896850585938e-01 4.507350921630859375e-01 -9.910286068916320801e-01 6.671905517578125000e-01 4.792364835739135742e-01 -9.241670370101928711e-01
5.108025670051574707e-01 6.256234049797058105e-01 -1.149557605385780334e-01 6.568401455879211426e-01 7.741415500640869141e-01 -3.913362324237823486e-01 6.847279667854309082e-01 5.428114533424377441e-01 -9.051584005355834961e-01 6.917720437049865723e-01 4.706579744815826416e-01 -1.004322171211242676e+00 6.767190098762512207e-01 4.523072242736816406e-01 -9.804164767265319824e-01 6.674207448959350586e-01 4.795366823673248291e-01 -9.132510423660278320e-01
5.108025670051574707e-01 6.256234049797058105e-01 -1.149557605385780334e-01 6.568401455879211426e-01 7.741415500640869141e-01 -3.913362324237823486e-01 6.847279667854309082e-01 5.428114533424377441e-01 -9.051584005355834961e-01 6.917720437049865723e-01 4.706579744815826416e-01 -1.004322171211242676e+00 6.767190098762512207e-01 4.523072242736816406e-01 -9.804164767265319824e-01 6.674207448959350586e-01 4.795366823673248291e-01 -9.132510423660278320e-01
5.101891160011291504e-01 6.233615875244140625e-01 -1.118025034666061401e-01 6.560376882553100586e-01 7.695931196212768555e-01 -3.982200622558593750e-01 6.850610971450805664e-01 5.441935658454895020e-01 -9.379542469978332520e-01 6.927835345268249512e-01 4.712978005409240723e-01 -1.039150118827819824e+00 6.776928305625915527e-01 4.523337781429290771e-01 -1.018080353736877441e+00 6.683670282363891602e-01 4.788872003555297852e-01 -9.469866752624511719e-01
5.105831027030944824e-01 6.227210760116577148e-01 -1.087649911642074585e-01 6.558819413185119629e-01 7.694652080535888672e-01 -3.857998251914978027e-01 6.849783062934875488e-01 5.449026226997375488e-01 -9.259225130081176758e-01 6.928434967994689941e-01 4.714710116386413574e-01 -1.027788281440734863e+00 6.777440905570983887e-01 4.525568783283233643e-01 -1.010188817977905273e+00 6.683481931686401367e-01 4.789482355117797852e-01 -9.365496635437011719e-01
5.105999112129211426e-01 6.223797202110290527e-01 -1.090677529573440552e-01 6.559882760047912598e-01 7.694312334060668945e-01 -3.731851875782012939e-01 6.850253343582153320e-01 5.450230240821838379e-01 -8.770260810852050781e-01 6.929383873939514160e-01 4.716024100780487061e-01 -9.705017805099487305e-01 6.778779029846191406e-01 4.526120424270629883e-01 -9.524126052856445312e-01 6.684365868568420410e-01 4.789500534534454346e-01 -8.864495158195495605e-01
5.109657645225524902e-01 6.219043731689453125e-01 -1.042861565947532654e-01 6.569256782531738281e-01 7.694192528724670410e-01 -3.647572994232177734e-01 6.852725744247436523e-01 5.450331568717956543e-01 -8.726770281791687012e-01 6.931875944137573242e-01 4.714765548706054688e-01 -9.660030603408813477e-01 6.782943606376647949e-01 4.524943232536315918e-01 -9.445893168449401855e-01 6.688517332077026367e-01 4.785718023777008057e-01 -8.808656930923461914e-01
5.108464360237121582e-01 6.214243173599243164e-01 -9.678047150373458862e-02 6.568657159805297852e-01 7.692304849624633789e-01 -3.534569144248962402e-01 6.853039264678955078e-01 5.457772016525268555e-01 -8.612558245658874512e-01 6.934877634048461914e-01 4.716767370700836182e-01 -9.557783007621765137e-01 6.783066987991333008e-01 4.527414739131927490e-01 -9.370285272598266602e-01 6.688266992568969727e-01 4.788409769535064697e-01 -8.707427978515625000e-01
5.108464360237121582e-01 6.214243173599243164e-01 -9.678047150373458862e-02 6.568657159805297852e-01 7.692304849624633789e-01 -3.534569144248962402e-01 6.853039264678955078e-01 5.457772016525268555e-01 -8.612558245658874512e-01 6.934877634048461914e-01 4.716767370700836182e-01 -9.557783007621765137e-01 6.783066987991333008e-01 4.527414739131927490e-01 -9.370285272598266602e-01 6.688266992568969727e-01 4.788409769535064697e-01 -8.707427978515625000e-01
5.111192464828491211e-01 6.209566593170166016e-01 -9.874428063631057739e-02 6.568905115127563477e-01 7.684967517852783203e-01 -3.445275425910949707e-01 6.859676837921142578e-01 5.441249608993530273e-01 -8.252924084663391113e-01 6.941584348678588867e-01 4.708856940269470215e-01 -9.158263206481933594e-01 6.796054244041442871e-01 4.519664943218231201e-01 -8.938590288162231445e-01 6.702358126640319824e-01 4.778375327587127686e-01 -8.330831527709960938e-01
5.111192464828491211e-01 6.209566593170166016e-01 -9.874428063631057739e-02 6.568905115127563477e-01 7.684967517852783203e-01 -3.445275425910949707e-01 6.859676837921142578e-01 5.441249608993530273e-01 -8.252924084663391113e-01 6.941584348678588867e-01 4.708856940269470215e-01 -9.158263206481933594e-01 6.796054244041442871e-01 4.519664943218231201e-01 -8.938590288162231445e-01 6.702358126640319824e-01 4.778375327587127686e-01 -8.330831527709960938e-01
5.111192464828491211e-01 6.209566593170166016e-01 -9.874428063631057739e-02 6.568905115127563477e-01 7.684967517852783203e-01 -3.445275425910949707e-01 6.859676837921142578e-01 5.441249608993530273e-01 -8.252924084663391113e-01 6.941584348678588867e-01 4.708856940269470215e-01 -9.158263206481933594e-01 6.796054244041442871e-01 4.519664943218231201e-01 -8.938590288162231445e-01 6.702358126640319824e-01 4.778375327587127686e-01 -8.330831527709960938e-01
5.111193656921386719e-01 6.208295226097106934e-01 -1.026977747678756714e-01 6.568380594253540039e-01 7.681682109832763672e-01 -3.487747311592102051e-01 6.859855055809020996e-01 5.440534353256225586e-01 -8.390591740608215332e-01 6.942227482795715332e-01 4.708714187145233154e-01 -9.311750531196594238e-01 6.799203157424926758e-01 4.519396126270294189e-01 -9.095619320869445801e-01 6.705166697502136230e-01 4.777795076370239258e-01 -8.470662832260131836e-01
5.111477971076965332e-01 6.207121014595031738e-01 -1.061245352029800415e-01 6.568651795387268066e-01 7.679411768913269043e-01 -3.562273383140563965e-01 6.859780550003051758e-01 5.438617467880249023e-01 -8.561463356018066406e-01 6.942507028579711914e-01 4.708041846752166748e-01 -9.478307962417602539e-01 6.799434423446655273e-01 4.518930315971374512e-01 -9.258089065551757812e-01 6.705196499824523926e-01 4.777175784111022949e-01 -8.637735247611999512e-01
5.113695859909057617e-01 6.207050085067749023e-01 -1.100372448563575745e-01 6.568902730941772461e-01 7.685434222221374512e-01 -3.679351508617401123e-01 6.859790086746215820e-01 5.438635945320129395e-01 -8.864051103591918945e-01 6.942597627639770508e-01 4.707804918289184570e-01 -9.790606498718261719e-01 6.799487471580505371e-01 4.518451392650604248e-01 -9.543474316596984863e-01 6.705088019371032715e-01 4.776989221572875977e-01 -8.933804631233215332e-01
5.113695859909057617e-01 6.207050085067749023e-01 -1.100372448563575745e-01 6.568902730941772461e-01 7.685434222221374512e-01 -3.679351508617401123e-01 6.859790086746215820e-01 5.438635945320129395e-01 -8.864051103591918945e-01 6.942597627639770508e-01 4.707804918289184570e-01 -9.790606498718261719e-01 6.799487471580505371e-01 4.518451392650604248e-01 -9.543474316596984863e-01 6.705088019371032715e-01 4.776989221572875977e-01 -8.933804631233215332e-01
5.113937854766845703e-01 6.204937100410461426e-01 -1.198513731360435486e-01 6.571604013442993164e-01 7.681711912155151367e-01 -3.701239228248596191e-01 6.859995126724243164e-01 5.436189174652099609e-01 -8.538194894790649414e-01 6.943294405937194824e-01 4.706206321716308594e-01 -9.399173855781555176e-01 6.800441145896911621e-01 4.515848755836486816e-01 -9.160968065261840820e-01 6.705607175827026367e-01 4.774194359779357910e-01 -8.597346544265747070e-01
5.112005472183227539e-01 6.203613281250000000e-01 -1.151249408721923828e-01 6.571499109268188477e-01 7.681265473365783691e-01 -3.646923601627349854e-01 6.860678195953369141e-01 5.432937145233154297e-01 -8.560479879379272461e-01 6.943617463111877441e-01 4.705139696598052979e-01 -9.435509443283081055e-01 6.801682114601135254e-01 4.514624178409576416e-01 -9.199891090393066406e-01 6.707092523574829102e-01 4.770747125148773193e-01 -8.624047040939331055e-01
5.112105607986450195e-01 6.202718615531921387e-01 -1.149513497948646545e-01 6.571589708328247070e-01 7.680000066757202148e-01 -3.720927238464355469e-01 6.859941482543945312e-01 5.431966185569763184e-01 -8.877843618392944336e-01 6.944011449813842773e-01 4.704265892505645752e-01 -9.840737581253051758e-01 6.801973581314086914e-01 4.513425230979919434e-01 -9.618933796882629395e-01 6.707104444503784180e-01 4.769776463508605957e-01 -8.954895734786987305e-01
5.111735463142395020e-01 6.200723052024841309e-01 -1.074215397238731384e-01 6.574043035507202148e-01 7.679876089096069336e-01 -3.574171662330627441e-01 6.858640909194946289e-01 5.440117120742797852e-01 -8.514102101325988770e-01 6.942076683044433594e-01 4.709607362747192383e-01 -9.399790763854980469e-01 6.800771951675415039e-01 4.518618583679199219e-01 -9.144847989082336426e-01 6.706050634384155273e-01 4.774924218654632568e-01 -8.571054339408874512e-01
5.111735463142395020e-01 6.200723052024841309e-01 -1.074215397238731384e-01 6.574043035507202148e-01 7.679876089096069336e-01 -3.574171662330627441e-01 6.858640909194946289e-01 5.440117120742797852e-01 -8.514102101325988770e-01 6.942076683044433594e-01 4.709607362747192383e-01 -9.399790763854980469e-01 6.800771951675415039e-01 4.518618583679199219e-01 -9.144847989082336426e-01 6.706050634384155273e-01 4.774924218654632568e-01 -8.571054339408874512e-01
5.109002590179443359e-01 6.200330853462219238e-01 -1.012213602662086487e-01 6.572388410568237305e-01 7.678601741790771484e-01 -3.490256965160369873e-01 6.858602762222290039e-01 5.445913672447204590e-01 -8.385925292968750000e-01 6.942275762557983398e-01 4.715376496315002441e-01 -9.277694821357727051e-01 6.801369786262512207e-01 4.522885978221893311e-01 -9.037841558456420898e-01 6.706237196922302246e-01 4.779872000217437744e-01 -8.454741239547729492e-01
5.108159780502319336e-01 6.195081472396850586e-01 -1.006804853677749634e-01 6.565340161323547363e-01 7.675510048866271973e-01 -3.502362072467803955e-01 6.858624219894409180e-01 5.452060103416442871e-01 -8.554012179374694824e-01 6.942797899246215820e-01 4.722509086132049561e-01 -9.486585855484008789e-01 6.802541613578796387e-01 4.526215791702270508e-01 -9.276413917541503906e-01 6.706819534301757812e-01 4.783983230590820312e-01 -8.638798594474792480e-01
5.109242200851440430e-01 6.192136406898498535e-01 -1.009290590882301331e-01 6.557278633117675781e-01 7.665632963180541992e-01 -3.529844880104064941e-01 6.857330203056335449e-01 5.450609922409057617e-01 -8.562301397323608398e-01 6.942035555839538574e-01 4.717390239238739014e-01 -9.502164721488952637e-01 6.801616549491882324e-01 4.521035254001617432e-01 -9.287916421890258789e-01 6.703670024871826172e-01 4.778431951999664307e-01 -8.648858070373535156e-01
5.109242200851440430e-01 6.192136406898498535e-01 -1.009290590882301331e-01 6.557278633117675781e-01 7.665632963180541992e-01 -3.529844880104064941e-01 6.857330203056335449e-01 5.450609922409057617e-01 -8.562301397323608398e-01 6.942035555839538574e-01 4.717390239238739014e-01 -9.502164721488952637e-01 6.801616549491882324e-01 4.521035254001617432e-01 -9.287916421890258789e-01 6.703670024871826172e-01 4.778431951999664307e-01 -8.648858070373535156e-01
5.110038518905639648e-01 6.191865801811218262e-01 -1.024814397096633911e-01 6.558839082717895508e-01 7.682322859764099121e-01 -3.564959168434143066e-01 6.858152747154235840e-01 5.449926257133483887e-01 -8.567618131637573242e-01 6.942306160926818848e-01 4.716881513595581055e-01 -9.507478475570678711e-01 6.801846027374267578e-01 4.520189464092254639e-01 -9.292268753051757812e-01 6.703842878341674805e-01 4.777274131774902344e-01 -8.650469779968261719e-01
5.110502839088439941e-01 6.191098093986511230e-01 -1.016560941934585571e-01 6.560854315757751465e-01 7.683970928192138672e-01 -3.600632250308990479e-01 6.858122348785400391e-01 5.449556708335876465e-01 -8.712763786315917969e-01 6.942469477653503418e-01 4.716530442237854004e-01 -9.651233553886413574e-01 6.801932454109191895e-01 4.520136713981628418e-01 -9.423986673355102539e-01 6.703335046768188477e-01 4.777345061302185059e-01 -8.785029649734497070e-01
5.110371708869934082e-01 6.188291311264038086e-01 -1.005418449640274048e-01 6.558971405029296875e-01 7.683836221694946289e-01 -3.717291653156280518e-01 6.858044862747192383e-01 5.451608300209045410e-01 -9.199613332748413086e-01 6.943535804748535156e-01 4.718619287014007568e-01 -1.020977139472961426e+00 6.802344918251037598e-01 4.522309005260467529e-01 -1.002412796020507812e+00 6.703308820724487305e-01 4.780539274215698242e-01 -9.298732876777648926e-01
5.110336542129516602e-01 6.188145279884338379e-01 -9.683720767498016357e-02 6.558238863945007324e-01 7.676147222518920898e-01 -3.580152690410614014e-01 6.863311529159545898e-01 5.444688200950622559e-01 -8.644251823425292969e-01 6.956130266189575195e-01 4.718511700630187988e-01 -9.580677151679992676e-01 6.813439130783081055e-01 4.521613717079162598e-01 -9.407845735549926758e-01 6.710388660430908203e-01 4.779627919197082520e-01 -8.740673065185546875e-01
5.112371444702148438e-01 6.188039779663085938e-01 -1.019272357225418091e-01 6.560189723968505859e-01 7.682844400405883789e-01 -3.705221712589263916e-01 6.863486766815185547e-01 5.444820523262023926e-01 -8.775647878646850586e-01 6.956028342247009277e-01 4.716342389583587646e-01 -9.697758555412292480e-01 6.812601685523986816e-01 4.518769979476928711e-01 -9.490634202957153320e-01 6.710063219070434570e-01 4.777505099773406982e-01 -8.852057456970214844e-01
5.111862421035766602e-01 6.186047196388244629e-01 -9.081937372684478760e-02 6.560146808624267578e-01 7.683273553848266602e-01 -3.520285487174987793e-01 6.863092184066772461e-01 5.445171594619750977e-01 -8.575004339218139648e-01 6.955321431159973145e-01 4.717406928539276123e-01 -9.506480097770690918e-01 6.812120676040649414e-01 4.519214928150177002e-01 -9.299904704093933105e-01 6.709787845611572266e-01 4.777463972568511963e-01 -8.657001256942749023e-01
5.117489099502563477e-01 6.185762882232666016e-01 -1.090088710188865662e-01 6.561469435691833496e-01 7.683784961700439453e-01 -3.824765980243682861e-01 6.863105893135070801e-01 5.446170568466186523e-01 -9.068988561630249023e-01 6.955374479293823242e-01 4.717249572277069092e-01 -1.002703905105590820e+00 6.811715960502624512e-01 4.518783390522003174e-01 -9.812723994255065918e-01 6.709224581718444824e-01 4.777140915393829346e-01 -9.147986173629760742e-01
5.117489099502563477e-01 6.185762882232666016e-01 -1.090088710188865662e-01 6.561469435691833496e-01 7.683784961700439453e-01 -3.824765980243682861e-01 6.863105893135070801e-01 5.446170568466186523e-01 -9.068988561630249023e-01 6.955374479293823242e-01 4.717249572277069092e-01 -1.002703905105590820e+00 6.811715960502624512e-01 4.518783390522003174e-01 -9.812723994255065918e-01 6.709224581718444824e-01 4.777140915393829346e-01 -9.147986173629760742e-01
5.117444992065429688e-01 6.185413599014282227e-01 -1.084026098251342773e-01 6.569832563400268555e-01 7.686445713043212891e-01 -3.706501126289367676e-01 6.863840818405151367e-01 5.446079373359680176e-01 -8.627635240554809570e-01 6.956720948219299316e-01 4.717071354389190674e-01 -9.524547457695007324e-01 6.811891198158264160e-01 4.519075751304626465e-01 -9.304727315902709961e-01 6.709261536598205566e-01 4.777300059795379639e-01 -8.693785667419433594e-01
5.116497874259948730e-01 6.183913350105285645e-01 -9.872643649578094482e-02 6.568534970283508301e-01 7.687683105468750000e-01 -3.663910031318664551e-01 6.863209009170532227e-01 5.452170968055725098e-01 -8.667389750480651855e-01 6.956030130386352539e-01 4.722340404987335205e-01 -9.594647288322448730e-01 6.811391711235046387e-01 4.523380398750305176e-01 -9.385672807693481445e-01 6.708739995956420898e-01 4.781905114650726318e-01 -8.747004270553588867e-01
5.116631388664245605e-01 6.184746026992797852e-01 -9.888708591461181641e-02 6.569814085960388184e-01 7.686105370521545410e-01 -3.651202321052551270e-01 6.864774823188781738e-01 5.445535778999328613e-01 -8.652635812759399414e-01 6.957929730415344238e-01 4.719615876674652100e-01 -9.573736190795898438e-01 6.813508272171020508e-01 4.521220028400421143e-01 -9.366081357002258301e-01 6.711764335632324219e-01 4.778164923191070557e-01 -8.731274604797363281e-01
5.116648077964782715e-01 6.184683442115783691e-01 -9.943519532680511475e-02 6.569401025772094727e-01 7.683458328247070312e-01 -3.648718595504760742e-01 6.864778399467468262e-01 5.441032052040100098e-01 -8.582609891891479492e-01 6.958045363426208496e-01 4.715566039085388184e-01 -9.484411478042602539e-01 6.813758611679077148e-01 4.518750905990600586e-01 -9.266422390937805176e-01 6.711875200271606445e-01 4.775327444076538086e-01 -8.653650283813476562e-01
5.116648077964782715e-01 6.184683442115783691e-01 -9.943519532680511475e-02 6.569401025772094727e-01 7.683458328247070312e-01 -3.648718595504760742e-01 6.864778399467468262e-01 5.441032052040100098e-01 -8.582609891891479492e-01 6.958045363426208496e-01 4.715566039085388184e-01 -9.484411478042602539e-01 6.813758611679077148e-01 4.518750905990600586e-01 -9.266422390937805176e-01 6.711875200271606445e-01 4.775327444076538086e-01 -8.653650283813476562e-01
5.117524862289428711e-01 6.184672117233276367e-01 -1.045867651700973511e-01 6.571488976478576660e-01 7.687510848045349121e-01 -3.775188624858856201e-01 6.865634322166442871e-01 5.440769195556640625e-01 -8.797662854194641113e-01 6.958882808685302734e-01 4.715042412281036377e-01 -9.689478874206542969e-01 6.814546585083007812e-01 4.518557786941528320e-01 -9.449235200881958008e-01 6.712740659713745117e-01 4.775177836418151855e-01 -8.855652809143066406e-01
5.115956664085388184e-01 6.184574365615844727e-01 -9.716112911701202393e-02 6.572158336639404297e-01 7.686951160430908203e-01 -3.654831051826477051e-01 6.866294145584106445e-01 5.439445376396179199e-01 -8.671268224716186523e-01 6.959119439125061035e-01 4.714068472385406494e-01 -9.572579264640808105e-01 6.814570426940917969e-01 4.516528248786926270e-01 -9.350722432136535645e-01 6.712922453880310059e-01 4.772828817367553711e-01 -8.742783665657043457e-01
5.114964842796325684e-01 6.183658242225646973e-01 -9.735953062772750854e-02 6.570897102355957031e-01 7.685927152633666992e-01 -3.649429380893707275e-01 6.864688992500305176e-01 5.439370274543762207e-01 -8.677681088447570801e-01 6.959208250045776367e-01 4.714480340480804443e-01 -9.578570127487182617e-01 6.814612746238708496e-01 4.517485201358795166e-01 -9.357565641403198242e-01 6.712610125541687012e-01 4.774290323257446289e-01 -8.748968243598937988e-01
5.114964842796325684e-01 6.183658242225646973e-01 -9.735953062772750854e-02 6.570897102355957031e-01 7.685927152633666992e-01 -3.649429380893707275e-01 6.864688992500305176e-01 5.439370274543762207e-01 -8.677681088447570801e-01 6.959208250045776367e-01 4.714480340480804443e-01 -9.578570127487182617e-01 6.814612746238708496e-01 4.517485201358795166e-01 -9.357565641403198242e-01 6.712610125541687012e-01 4.774290323257446289e-01 -8.748968243598937988e-01
5.116309523582458496e-01 6.185268163681030273e-01 -1.003823056817054749e-01 6.573472023010253906e-01 7.711007595062255859e-01 -3.769665360450744629e-01 6.866258382797241211e-01 5.461727380752563477e-01 -8.871100544929504395e-01 6.959350705146789551e-01 4.721704721450805664e-01 -9.782040715217590332e-01 6.813883781433105469e-01 4.527861177921295166e-01 -9.552320241928100586e-01 6.712109446525573730e-01 4.781400263309478760e-01 -8.943222165107727051e-01
5.115425586700439453e-01 6.184098124504089355e-01 -9.276418387889862061e-02 6.571992635726928711e-01 7.705312967300415039e-01 -3.509865403175354004e-01 6.866156458854675293e-01 5.457465052604675293e-01 -8.635346293449401855e-01 6.959309577941894531e-01 4.720640480518341064e-01 -9.606953859329223633e-01 6.813921332359313965e-01 4.524217247962951660e-01 -9.416567087173461914e-01 6.712135672569274902e-01 4.777927696704864502e-01 -8.736041188240051270e-01
5.114746689796447754e-01 6.184068918228149414e-01 -9.310790151357650757e-02 6.570985913276672363e-01 7.701405286788940430e-01 -3.523761630058288574e-01 6.866055130958557129e-01 5.457333922386169434e-01 -8.641790151596069336e-01 6.959445476531982422e-01 4.720788002014160156e-01 -9.611285328865051270e-01 6.813927292823791504e-01 4.525172412395477295e-01 -9.420124292373657227e-01 6.712003350257873535e-01 4.778371751308441162e-01 -8.742573857307434082e-01
5.112352371215820312e-01 6.182484030723571777e-01 -8.336038142442703247e-02 6.569792032241821289e-01 7.698702216148376465e-01 -3.345783352851867676e-01 6.866027712821960449e-01 5.456953644752502441e-01 -8.465072512626647949e-01 6.959442496299743652e-01 4.720944464206695557e-01 -9.424985647201538086e-01 6.814950704574584961e-01 4.524865746498107910e-01 -9.243400692939758301e-01 6.713113784790039062e-01 4.778136610984802246e-01 -8.569838404655456543e-01
5.112168192863464355e-01 6.182507872581481934e-01 -9.344449639320373535e-02 6.568473577499389648e-01 7.685975432395935059e-01 -3.353566527366638184e-01 6.865800619125366211e-01 5.444605946540832520e-01 -8.493610620498657227e-01 6.959877610206604004e-01 4.718457162380218506e-01 -9.435728788375854492e-01 6.815369725227355957e-01 4.523075222969055176e-01 -9.249075651168823242e-01 6.713243722915649414e-01 4.774881005287170410e-01 -8.590245246887207031e-01
5.112168192863464355e-01 6.182507872581481934e-01 -9.344449639320373535e-02 6.568473577499389648e-01 7.685975432395935059e-01 -3.353566527366638184e-01 6.865800619125366211e-01 5.444605946540832520e-01 -8.493610620498657227e-01 6.959877610206604004e-01 4.718457162380218506e-01 -9.435728788375854492e-01 6.815369725227355957e-01 4.523075222969055176e-01 -9.249075651168823242e-01 6.713243722915649414e-01 4.774881005287170410e-01 -8.590245246887207031e-01
5.112293958663940430e-01 6.183287501335144043e-01 -1.001957505941390991e-01 6.564955115318298340e-01 7.686986327171325684e-01 -3.942998051643371582e-01 6.865837574005126953e-01 5.454938411712646484e-01 -9.552649259567260742e-01 6.961718201637268066e-01 4.724606275558471680e-01 -1.055843591690063477e+00 6.817252039909362793e-01 4.524569213390350342e-01 -1.036144495010375977e+00 6.713650226593017578e-01 4.776354730129241943e-01 -9.650118947029113770e-01
5.110813975334167480e-01 6.180016398429870605e-01 -1.002788916230201721e-01 6.561524868011474609e-01 7.670674920082092285e-01 -3.914082646369934082e-01 6.865764856338500977e-01 5.454323887825012207e-01 -9.385001063346862793e-01 6.963202953338623047e-01 4.724576771259307861e-01 -1.037340521812438965e+00 6.817913651466369629e-01 4.523999989032745361e-01 -1.018752336502075195e+00 6.713812947273254395e-01 4.776149392127990723e-01 -9.483851194381713867e-01
5.110263824462890625e-01 6.178298592567443848e-01 -1.093953996896743774e-01 6.569555997848510742e-01 7.669178247451782227e-01 -3.885353505611419678e-01 6.865956187248229980e-01 5.431228280067443848e-01 -9.038146138191223145e-01 6.963433027267456055e-01 4.709604382514953613e-01 -9.978893399238586426e-01 6.818077564239501953e-01 4.515948593616485596e-01 -9.732896685600280762e-01 6.713858246803283691e-01 4.768477380275726318e-01 -9.099434614181518555e-01
5.103039145469665527e-01 6.171804666519165039e-01 -9.246072918176651001e-02 6.567141413688659668e-01 7.662924528121948242e-01 -3.562013506889343262e-01 6.865170001983642578e-01 5.432059168815612793e-01 -8.815973401069641113e-01 6.963459253311157227e-01 4.713419973850250244e-01 -9.815981984138488770e-01 6.818644404411315918e-01 4.519433081150054932e-01 -9.647027850151062012e-01 6.713939905166625977e-01 4.774801433086395264e-01 -8.929157257080078125e-01
5.103039145469665527e-01 6.171804666519165039e-01 -9.246072918176651001e-02 6.567141413688659668e-01 7.662924528121948242e-01 -3.562013506889343262e-01 6.865170001983642578e-01 5.432059168815612793e-01 -8.815973401069641113e-01 6.963459253311157227e-01 4.713419973850250244e-01 -9.815981984138488770e-01 6.818644404411315918e-01 4.519433081150054932e-01 -9.647027850151062012e-01 6.713939905166625977e-01 4.774801433086395264e-01 -8.929157257080078125e-01
5.103361010551452637e-01 6.171187162399291992e-01 -9.718459844589233398e-02 6.566968560218811035e-01 7.662937641143798828e-01 -3.615821897983551025e-01 6.865558028221130371e-01 5.430611968040466309e-01 -8.810805082321166992e-01 6.964635848999023438e-01 4.710885286331176758e-01 -9.780175089836120605e-01 6.819497942924499512e-01 4.515516161918640137e-01 -9.595934748649597168e-01 6.714433431625366211e-01 4.771411716938018799e-01 -8.911681175231933594e-01
5.104016065597534180e-01 6.171535253524780273e-01 -1.034590601921081543e-01 6.565480828285217285e-01 7.661806344985961914e-01 -3.827495574951171875e-01 6.865622997283935547e-01 5.428248643875122070e-01 -9.219160079956054688e-01 6.964869499206542969e-01 4.709458053112030029e-01 -1.021060466766357422e+00 6.820076704025268555e-01 4.513042867183685303e-01 -1.000153541564941406e+00 6.715006828308105469e-01 4.768386781215667725e-01 -9.311005473136901855e-01
5.104016065597534180e-01 6.171535253524780273e-01 -1.034590601921081543e-01 6.565480828285217285e-01 7.661806344985961914e-01 -3.827495574951171875e-01 6.865622997283935547e-01 5.428248643875122070e-01 -9.219160079956054688e-01 6.964869499206542969e-01 4.709458053112030029e-01 -1.021060466766357422e+00 6.820076704025268555e-01 4.513042867183685303e-01 -1.000153541564941406e+00 6.715006828308105469e-01 4.768386781215667725e-01 -9.311005473136901855e-01
5.102970004081726074e-01 6.171367764472961426e-01 -9.914319962263107300e-02 6.555487513542175293e-01 7.656148672103881836e-01 -3.803200423717498779e-01 6.867008805274963379e-01 5.428348779678344727e-01 -9.190413355827331543e-01 6.967555284500122070e-01 4.711751043796539307e-01 -1.016531229019165039e+00 6.822534799575805664e-01 4.513006806373596191e-01 -9.972946047782897949e-01 6.717848777770996094e-01 4.768360257148742676e-01 -9.290364980697631836e-01
5.104750990867614746e-01 6.170254945755004883e-01 -1.020134314894676208e-01 6.556140780448913574e-01 7.655931115150451660e-01 -3.810515999794006348e-01 6.867164373397827148e-01 5.415896773338317871e-01 -9.151299595832824707e-01 6.966867446899414062e-01 4.698308110237121582e-01 -1.012175798416137695e+00 6.822405457496643066e-01 4.499125778675079346e-01 -9.927211999893188477e-01 6.717869043350219727e-01 4.754909276962280273e-01 -9.248511195182800293e-01
5.105786919593811035e-01 6.172479391098022461e-01 -1.077637523412704468e-01 6.556613445281982422e-01 7.653699517250061035e-01 -3.832039237022399902e-01 6.867555379867553711e-01 5.415602326393127441e-01 -9.145354032516479492e-01 6.966843008995056152e-01 4.698157906532287598e-01 -1.011803865432739258e+00 6.822388768196105957e-01 4.499128162860870361e-01 -9.911388158798217773e-01 6.717896461486816406e-01 4.754726290702819824e-01 -9.236385226249694824e-01
5.105786919593811035e-01 6.172479391098022461e-01 -1.077637523412704468e-01 6.556613445281982422e-01 7.653699517250061035e-01 -3.832039237022399902e-01 6.867555379867553711e-01 5.415602326393127441e-01 -9.145354032516479492e-01 6.966843008995056152e-01 4.698157906532287598e-01 -1.011803865432739258e+00 6.822388768196105957e-01 4.499128162860870361e-01 -9.911388158798217773e-01 6.717896461486816406e-01 4.754726290702819824e-01 -9.236385226249694824e-01
5.104054808616638184e-01 6.168959140777587891e-01 -1.047019585967063904e-01 6.555911898612976074e-01 7.653713822364807129e-01 -3.764328956604003906e-01 6.867370605468750000e-01 5.417611598968505859e-01 -9.029167890548706055e-01 6.965604424476623535e-01 4.700190424919128418e-01 -1.000454306602478027e+00 6.821297407150268555e-01 4.500454366207122803e-01 -9.822309613227844238e-01 6.717635989189147949e-01 4.755673408508300781e-01 -9.124752283096313477e-01
5.101851820945739746e-01 6.166828274726867676e-01 -1.057171225547790527e-01 6.556305289268493652e-01 7.647053599357604980e-01 -3.735176920890808105e-01 6.867349743843078613e-01 5.404905080795288086e-01 -8.896991014480590820e-01 6.965757608413696289e-01 4.691883921623229980e-01 -9.837528467178344727e-01 6.822177171707153320e-01 4.494967162609100342e-01 -9.637120366096496582e-01 6.717976331710815430e-01 4.751467704772949219e-01 -8.987070918083190918e-01
5.102035999298095703e-01 6.165639758110046387e-01 -1.058558076620101929e-01 6.556980013847351074e-01 7.645410895347595215e-01 -3.783709406852722168e-01 6.866717338562011719e-01 5.407763123512268066e-01 -9.013178944587707520e-01 6.965781450271606445e-01 4.692579507827758789e-01 -9.963213205337524414e-01 6.822233200073242188e-01 4.497387707233428955e-01 -9.768670797348022461e-01 6.717347502708435059e-01 4.753474891185760498e-01 -9.098488688468933105e-01
5.102035999298095703e-01 6.165639758110046387e-01 -1.058558076620101929e-01 6.556980013847351074e-01 7.645410895347595215e-01 -3.783709406852722168e-01 6.866717338562011719e-01 5.407763123512268066e-01 -9.013178944587707520e-01 6.965781450271606445e-01 4.692579507827758789e-01 -9.963213205337524414e-01 6.822233200073242188e-01 4.497387707233428955e-01 -9.768670797348022461e-01 6.717347502708435059e-01 4.753474891185760498e-01 -9.098488688468933105e-01
5.100771188735961914e-01 6.165087819099426270e-01 -1.010777950286865234e-01 6.556399464607238770e-01 7.643635869026184082e-01 -3.697455823421478271e-01 6.866301298141479492e-01 5.408840775489807129e-01 -8.914359211921691895e-01 6.965754032135009766e-01 4.693647921085357666e-01 -9.870460629463195801e-01 6.822224855422973633e-01 4.499436914920806885e-01 -9.685309529304504395e-01 6.717176437377929688e-01 4.755539894104003906e-01 -9.010335803031921387e-01
5.100995302200317383e-01 6.164230704307556152e-01 -1.010569185018539429e-01 6.556254625320434570e-01 7.643507719039916992e-01 -3.697525858879089355e-01 6.865772008895874023e-01 5.409100055694580078e-01 -8.916544914245605469e-01 6.965385675430297852e-01 4.695176482200622559e-01 -9.872580766677856445e-01 6.822080016136169434e-01 4.500407874584197998e-01 -9.687188863754272461e-01 6.717028617858886719e-01 4.756488204002380371e-01 -9.012151956558227539e-01
5.101658105850219727e-01 6.164176464080810547e-01 -1.077644601464271545e-01 6.557465791702270508e-01 7.647697925567626953e-01 -3.879997134208679199e-01 6.865356564521789551e-01 5.409235358238220215e-01 -9.154837727546691895e-01 6.964745521545410156e-01 4.690541028976440430e-01 -1.012432217597961426e+00 6.820350885391235352e-01 4.499896466732025146e-01 -9.928568601608276367e-01 6.713503599166870117e-01 4.756508767604827881e-01 -9.243351221084594727e-01
5.101733207702636719e-01 6.164439916610717773e-01 -1.070007532835006714e-01 6.556916832923889160e-01 7.649505734443664551e-01 -3.878524303436279297e-01 6.865269541740417480e-01 5.412892103195190430e-01 -9.227574467658996582e-01 6.964126825332641602e-01 4.693991243839263916e-01 -1.021369695663452148e+00 6.819973587989807129e-01 4.504982233047485352e-01 -1.003515839576721191e+00 6.713416576385498047e-01 4.764440655708312988e-01 -9.327465891838073730e-01
5.103596448898315430e-01 6.164397001266479492e-01 -1.071527972817420959e-01 6.554163694381713867e-01 7.647249698638916016e-01 -3.873187899589538574e-01 6.865302920341491699e-01 5.405616760253906250e-01 -9.207662343978881836e-01 6.964144706726074219e-01 4.691689312458038330e-01 -1.019379496574401855e+00 6.819981336593627930e-01 4.495508372783660889e-01 -1.000993967056274414e+00 6.713644266128540039e-01 4.753091037273406982e-01 -9.306746721267700195e-01
5.102957487106323242e-01 6.166065335273742676e-01 -1.031178981065750122e-01 6.552360653877258301e-01 7.646886706352233887e-01 -3.699781596660614014e-01 6.864811182022094727e-01 5.397216081619262695e-01 -8.751349449157714844e-01 6.964382529258728027e-01 4.682183265686035156e-01 -9.678087234497070312e-01 6.819980740547180176e-01 4.482783675193786621e-01 -9.474228024482727051e-01 6.713317632675170898e-01 4.744919240474700928e-01 -8.833512067794799805e-01
5.104504823684692383e-01 6.166522502899169922e-01 -1.042544692754745483e-01 6.545328497886657715e-01 7.645047903060913086e-01 -3.707450628280639648e-01 6.862312555313110352e-01 5.397827625274658203e-01 -8.838119506835937500e-01 6.964113712310791016e-01 4.681362211704254150e-01 -9.774530529975891113e-01 6.820779442787170410e-01 4.482924342155456543e-01 -9.570393562316894531e-01 6.713219285011291504e-01 4.745773077011108398e-01 -8.922587633132934570e-01
5.104504823684692383e-01 6.166522502899169922e-01 -1.042544692754745483e-01 6.545328497886657715e-01 7.645047903060913086e-01 -3.707450628280639648e-01 6.862312555313110352e-01 5.397827625274658203e-01 -8.838119506835937500e-01 6.964113712310791016e-01 4.681362211704254150e-01 -9.774530529975891113e-01 6.820779442787170410e-01 4.482924342155456543e-01 -9.570393562316894531e-01 6.713219285011291504e-01 4.745773077011108398e-01 -8.922587633132934570e-01
5.104380846023559570e-01 6.166449785232543945e-01 -1.034473627805709839e-01 6.545298695564270020e-01 7.646313309669494629e-01 -3.625503182411193848e-01 6.861830353736877441e-01 5.398015975952148438e-01 -8.529267311096191406e-01 6.963883638381958008e-01 4.680843949317932129e-01 -9.423950910568237305e-01 6.820874810218811035e-01 4.482673406600952148e-01 -9.203082919120788574e-01 6.713207364082336426e-01 4.745809137821197510e-01 -8.598497509956359863e-01
5.104444622993469238e-01 6.166711449623107910e-01 -1.046150773763656616e-01 6.545861363410949707e-01 7.657850384712219238e-01 -3.661191463470458984e-01 6.861773729324340820e-01 5.401410460472106934e-01 -8.583358526229858398e-01 6.963201165199279785e-01 4.681535959243774414e-01 -9.509140849113464355e-01 6.820291280746459961e-01 4.483606517314910889e-01 -9.301562309265136719e-01 6.712813973426818848e-01 4.746576547622680664e-01 -8.665892481803894043e-01
5.104444622993469238e-01 6.166711449623107910e-01 -1.046150773763656616e-01 6.545861363410949707e-01 7.657850384712219238e-01 -3.661191463470458984e-01 6.861773729324340820e-01 5.401410460472106934e-01 -8.583358526229858398e-01 6.963201165199279785e-01 4.681535959243774414e-01 -9.509140849113464355e-01 6.820291280746459961e-01 4.483606517314910889e-01 -9.301562309265136719e-01 6.712813973426818848e-01 4.746576547622680664e-01 -8.665892481803894043e-01
5.103726387023925781e-01 6.166638731956481934e-01 -9.970063716173171997e-02 6.545809507369995117e-01 7.661989331245422363e-01 -3.623077571392059326e-01 6.861479878425598145e-01 5.406407117843627930e-01 -8.663280606269836426e-01 6.962989568710327148e-01 4.684402644634246826e-01 -9.595912098884582520e-01 6.820329427719116211e-01 4.485662281513214111e-01 -9.392408132553100586e-01 6.712859869003295898e-01 4.749701917171478271e-01 -8.747833967208862305e-01
5.104157328605651855e-01 6.168136596679687500e-01 -1.005805730819702148e-01 6.546291708946228027e-01 7.656815052032470703e-01 -3.634845614433288574e-01 6.862196326255798340e-01 5.402472019195556641e-01 -8.646585345268249512e-01 6.964851617813110352e-01 4.684240520000457764e-01 -9.562913775444030762e-01 6.822019815444946289e-01 4.485732614994049072e-01 -9.360421299934387207e-01 6.714522242546081543e-01 4.749217331409454346e-01 -8.725471496582031250e-01
5.104550719261169434e-01 6.168666481971740723e-01 -1.003172546625137329e-01 6.542972922325134277e-01 7.655096650123596191e-01 -3.643043041229248047e-01 6.861138939857482910e-01 5.402571558952331543e-01 -8.683921694755554199e-01 6.965008378028869629e-01 4.684338569641113281e-01 -9.606610536575317383e-01 6.822313666343688965e-01 4.486576318740844727e-01 -9.401310682296752930e-01 6.714486479759216309e-01 4.749995172023773193e-01 -8.763639330863952637e-01
5.099582672119140625e-01 6.166974306106567383e-01 -9.808094054460525513e-02 6.537921428680419922e-01 7.658870816230773926e-01 -3.585605919361114502e-01 6.858563423156738281e-01 5.429083108901977539e-01 -8.691033124923706055e-01 6.963376998901367188e-01 4.702877104282379150e-01 -9.630849957466125488e-01 6.821447014808654785e-01 4.499058723449707031e-01 -9.431389570236206055e-01 6.713909506797790527e-01 4.762186408042907715e-01 -8.784596323966979980e-01
5.102928876876831055e-01 6.169754266738891602e-01 -1.072743088006973267e-01 6.543197631835937500e-01 7.671476006507873535e-01 -3.870238959789276123e-01 6.859415769577026367e-01 5.428366065025329590e-01 -9.107640385627746582e-01 6.963787078857421875e-01 4.700876176357269287e-01 -1.005029678344726562e+00 6.821627020835876465e-01 4.497138559818267822e-01 -9.831967353820800781e-01 6.713923215866088867e-01 4.760198593139648438e-01 -9.186475872993469238e-01
5.102928876876831055e-01 6.169754266738891602e-01 -1.072743088006973267e-01 6.543197631835937500e-01 7.671476006507873535e-01 -3.870238959789276123e-01 6.859415769577026367e-01 5.428366065025329590e-01 -9.107640385627746582e-01 6.963787078857421875e-01 4.700876176357269287e-01 -1.005029678344726562e+00 6.821627020835876465e-01 4.497138559818267822e-01 -9.831967353820800781e-01 6.713923215866088867e-01 4.760198593139648438e-01 -9.186475872993469238e-01
5.101477503776550293e-01 6.169770359992980957e-01 -1.062131747603416443e-01 6.542670726776123047e-01 7.671447992324829102e-01 -3.827787935733795166e-01 6.859448552131652832e-01 5.431979298591613770e-01 -9.091314077377319336e-01 6.963961124420166016e-01 4.704096615314483643e-01 -1.004268646240234375e+00 6.822559833526611328e-01 4.498840570449829102e-01 -9.844419360160827637e-01 6.715357303619384766e-01 4.761288762092590332e-01 -9.179301261901855469e-01
5.100435018539428711e-01 6.168524026870727539e-01 -1.011705175042152405e-01 6.542302370071411133e-01 7.671467661857604980e-01 -3.678138852119445801e-01 6.859186291694641113e-01 5.432726144790649414e-01 -8.951902389526367188e-01 6.963077783584594727e-01 4.705688655376434326e-01 -9.895993471145629883e-01 6.822339296340942383e-01 4.500461816787719727e-01 -9.697111248970031738e-01 6.715303063392639160e-01 4.762654900550842285e-01 -9.043608903884887695e-01
5.101369619369506836e-01 6.168667674064636230e-01 -1.184577494859695435e-01 6.542895436286926270e-01 7.663533091545104980e-01 -3.827878534793853760e-01 6.859143972396850586e-01 5.430585145950317383e-01 -8.996966481208801270e-01 6.963918209075927734e-01 4.706282913684844971e-01 -9.929963350296020508e-01 6.822854280471801758e-01 4.501911103725433350e-01 -9.735589027404785156e-01 6.715678572654724121e-01 4.763086140155792236e-01 -9.081783294677734375e-01
5.101159214973449707e-01 6.168439388275146484e-01 -1.180887222290039062e-01 6.542086601257324219e-01 7.664265036582946777e-01 -3.809479176998138428e-01 6.858595609664916992e-01 5.432270765304565430e-01 -8.910619616508483887e-01 6.962659955024719238e-01 4.707043766975402832e-01 -9.832187891006469727e-01 6.821111440658569336e-01 4.503068625926971436e-01 -9.633816480636596680e-01 6.714111566543579102e-01 4.764133095741271973e-01 -8.990467786788940430e-01
5.101159214973449707e-01 6.168439388275146484e-01 -1.180887222290039062e-01 6.542086601257324219e-01 7.664265036582946777e-01 -3.809479176998138428e-01 6.858595609664916992e-01 5.432270765304565430e-01 -8.910619616508483887e-01 6.962659955024719238e-01 4.707043766975402832e-01 -9.832187891006469727e-01 6.821111440658569336e-01 4.503068625926971436e-01 -9.633816480636596680e-01 6.714111566543579102e-01 4.764133095741271973e-01 -8.990467786788940430e-01
5.101916193962097168e-01 6.169316172599792480e-01 -1.175877228379249573e-01 6.544094085693359375e-01 7.679896950721740723e-01 -3.808807730674743652e-01 6.858933568000793457e-01 5.432248711585998535e-01 -8.825021982192993164e-01 6.962531805038452148e-01 4.706564247608184814e-01 -9.718521833419799805e-01 6.821128726005554199e-01 4.502885639667510986e-01 -9.495505094528198242e-01 6.714248657226562500e-01 4.764139950275421143e-01 -8.891814351081848145e-01
5.102079510688781738e-01 6.169244050979614258e-01 -1.172656416893005371e-01 6.542515754699707031e-01 7.676183581352233887e-01 -3.777531683444976807e-01 6.857556104660034180e-01 5.432127118110656738e-01 -8.702908754348754883e-01 6.961947083473205566e-01 4.706507027149200439e-01 -9.594944715499877930e-01 6.820729374885559082e-01 4.502932727336883545e-01 -9.391311407089233398e-01 6.713317036628723145e-01 4.764229655265808105e-01 -8.775760531425476074e-01
5.102042555809020996e-01 6.169259548187255859e-01 -1.165704876184463501e-01 6.542540788650512695e-01 7.675960063934326172e-01 -3.723235726356506348e-01 6.857036948204040527e-01 5.429087877273559570e-01 -8.562349081039428711e-01 6.962339878082275391e-01 4.700440168380737305e-01 -9.443899989128112793e-01 6.820859909057617188e-01 4.499696195125579834e-01 -9.230481982231140137e-01 6.712671518325805664e-01 4.762947261333465576e-01 -8.628576397895812988e-01
5.103300809860229492e-01 6.168993711471557617e-01 -1.111734360456466675e-01 6.533617973327636719e-01 7.684527635574340820e-01 -3.687823712825775146e-01 6.855684518814086914e-01 5.428466200828552246e-01 -8.625082969665527344e-01 6.961673498153686523e-01 4.699470400810241699e-01 -9.509566426277160645e-01 6.820986866950988770e-01 4.499478638172149658e-01 -9.283021688461303711e-01 6.712268590927124023e-01 4.763095676898956299e-01 -8.691803216934204102e-01
5.103312730789184570e-01 6.168658733367919922e-01 -1.080216318368911743e-01 6.532949209213256836e-01 7.684417963027954102e-01 -3.635863959789276123e-01 6.855097413063049316e-01 5.428916215896606445e-01 -8.500615954399108887e-01 6.959472298622131348e-01 4.699927568435668945e-01 -9.383150935173034668e-01 6.819615960121154785e-01 4.499951004981994629e-01 -9.163236618041992188e-01 6.711395978927612305e-01 4.763203263282775879e-01 -8.566480875015258789e-01
5.103577971458435059e-01 6.169153451919555664e-01 -1.126720681786537170e-01 6.538954973220825195e-01 7.692574262619018555e-01 -3.830595016479492188e-01 6.856690645217895508e-01 5.431810021400451660e-01 -8.855463266372680664e-01 6.959749460220336914e-01 4.701676368713378906e-01 -9.774330854415893555e-01 6.819616556167602539e-01 4.503255784511566162e-01 -9.536411166191101074e-01 6.711563467979431152e-01 4.765693843364715576e-01 -8.921650052070617676e-01
5.102965831756591797e-01 6.169177889823913574e-01 -9.896560013294219971e-02 6.538996696472167969e-01 7.692232728004455566e-01 -3.691012263298034668e-01 6.856558918952941895e-01 5.438516139984130859e-01 -8.849164247512817383e-01 6.958808302879333496e-01 4.710516035556793213e-01 -9.788060188293457031e-01 6.819050312042236328e-01 4.514813423156738281e-01 -9.575354456901550293e-01 6.711300015449523926e-01 4.774848222732543945e-01 -8.925868868827819824e-01
5.103096961975097656e-01 6.169967055320739746e-01 -1.036654934287071228e-01 6.539025902748107910e-01 7.690193653106689453e-01 -3.691058754920959473e-01 6.856192350387573242e-01 5.433753132820129395e-01 -8.694006204605102539e-01 6.958490014076232910e-01 4.708076119422912598e-01 -9.586777687072753906e-01 6.818841695785522461e-01 4.513812661170959473e-01 -9.378024339675903320e-01 6.711072921752929688e-01 4.772930145263671875e-01 -8.767138719558715820e-01
5.103105306625366211e-01 6.170032024383544922e-01 -9.822027385234832764e-02 6.531009078025817871e-01 7.685377001762390137e-01 -3.655040562152862549e-01 6.855028867721557617e-01 5.436084270477294922e-01 -8.691414594650268555e-01 6.958425045013427734e-01 4.707860946655273438e-01 -9.591950178146362305e-01 6.818833947181701660e-01 4.513807296752929688e-01 -9.386137723922729492e-01 6.710306406021118164e-01 4.773570299148559570e-01 -8.768419027328491211e-01
5.103437900543212891e-01 6.170353293418884277e-01 -1.028921380639076233e-01 6.531026363372802734e-01 7.686024308204650879e-01 -3.674309253692626953e-01 6.854633092880249023e-01 5.435941219329833984e-01 -8.692968487739562988e-01 6.958160400390625000e-01 4.706729352474212646e-01 -9.593361616134643555e-01 6.818677783012390137e-01 4.513157010078430176e-01 -9.385228157043457031e-01 6.709591150283813477e-01 4.773426949977874756e-01 -8.769351243972778320e-01
5.102106928825378418e-01 6.170313954353332520e-01 -1.013395041227340698e-01 6.525070071220397949e-01 7.682215571403503418e-01 -3.672308623790740967e-01 6.854602098464965820e-01 5.438395142555236816e-01 -8.694800138473510742e-01 6.960151195526123047e-01 4.706693887710571289e-01 -9.596166610717773438e-01 6.819632649421691895e-01 4.512990117073059082e-01 -9.386445879936218262e-01 6.709929704666137695e-01 4.773450791835784912e-01 -8.770860433578491211e-01
