-1.397219006631082721e+02 1.784508381750784736e+02
-1.412128158975698398e+02 1.781877903864633481e+02
-1.454724470561926353e+02 1.697636187257403719e+02
-1.472094519525450664e+02 1.686373673127184816e+02
-1.475384552820324302e+02 1.675969869872661491e+02
-1.489140187797628698e+02 1.647343817176192715e+02
-1.478123272044420276e+02 1.640777478840564356e+02
-1.477877275760409930e+02 1.637163882481616213e+02
-1.405808290907832259e+02 1.767654693332155773e+02
-1.407694756093453634e+02 -1.798440785160027531e+02
-1.431592927837837976e+02 -1.796875288554844872e+02
-1.388632499880833677e+02 -1.661370918683999776e+02
-1.373578190499886773e+02 -1.725635439335507328e+02
-1.485754631831598260e+02 -1.753950344467426987e+02
-1.478773692735547343e+02 -1.779990587536205453e+02
